A1,A2,A3,A4,A5,A6,A7,A8,A9,A10,A11,A12,A13,A14,A15,A16,A17,A18,A19,A20,A21,A22,A23,A24,A25,A26,A27,A28,A29,A30,A31,A32,A33,A34,A35,A36,A37,A38,A39,A40,A41,A42,A43,A44,A45,A46,A47,A48,A49,A50,A51,A52,A53,A54
620000,-19,942,-184,233,1066,-29,97,1000,-106,89.93,1005.59,-102.57,0,1004.9546413239,-88.2313788984551,114.539556485958,1005.90865887515,108.265737886,5082.73242424242,647.456464646465,1212.99505050505,71.2932845662368,25.4451658404198,34.8280784785071,1.7900918244461,2.46808296367879,2.19003817668181,0.0566123443479246,0.165233184701788,0.080315281051683,135,1000,-126,89.0333333333333,1005.32222222222,-102.577777777778,0.962614705998252,0.962614705998252,0.962614705998252,252,124,155,339.245584396648,400.356666666667,5324.4416226532,345564.336666667,0.0797772584211022,5640.46252101996,0,656.721240357897,0,920.550485992597,1
621562,-67,952,-135,233,1066,-9,106,1009,-82,93.7,1008.6,-86.67,0,1007.96183083126,-69.9892625781512,126.893262232476,1008.9185100889,91.8127986720806,7396.17171717171,649.090909090909,927.172828282829,86.0009983498547,25.4772625902178,30.4495127757872,1.79471970469587,2.40165307662644,2.09394834614096,-0.048687725891132,-0.0302754670810385,0.19236462025115,9,1009,-126,94.2666666666667,1008.55555555556,-87.5222222222222,0.970950594454669,0.970950594454669,0.970950594454669,300,114,126,340.194884975467,399.643333333333,7747.17071024299,347482.683333333,0.0464469092317721,8695.91432310815,0,693.262013838268,0,911.733479672282,1
623125,-67,942,-135,233,1047,-29,126,1000,-87,117.61,1001.95,-84.24,0,1001.43557291167,-75.7367473275913,137.908774195118,1002.20672019299,87.7289005972376,5239.10898989899,519.704545454546,606.042828282829,72.3816896037872,22.7970293120517,24.6179371248451,2.1203114809321,2.35085645064502,2.41752934817139,-0.352291955483022,-0.0482632459427942,0.0913088261048003,184,980,-87,119.977777777778,1002.13333333333,-84.2888888888889,0.937009825269208,0.937009825269208,0.937009825269208,300,105,106,338.369866253483,402.28,5470.91297830536,343711.166666667,0.0630646909114404,5997.74019065241,0,536.929651268941,0,587.998176317974,1
624687,-9,952,-155,223,1057,-19,116,1009,-87,113.2,1004.33,-85.77,71.9487848676466,1003.79564677173,-74.1054323331183,128.427956458086,1004.59599342223,89.7805658257955,3716.66666666667,539.758686868687,711.168787878788,60.9644705272396,23.2327072651615,26.6677480841332,1.7156871973036,2.21459160063908,2.80038295849959,-0.126895358530942,-0.159272637006639,0.267852020385869,67,1028,-106,113.855555555556,1004.65555555556,-86.2777777777778,0.92159315967549,0.92159315967549,0.92159315967549,232,105,136,338.805474792428,401.16,3924.26991744528,344589.133333333,0.0575534682542985,4278.5691701757,0,571.627934679025,0,593.697945152844,1
626250,-58,942,-145,262,1066,-19,126,1009,-87,112.83,1004.83,-86.07,0,1004.24509613108,-70.3903821421329,139.628256452625,1005.12155981254,91.4544148742968,6833.77888888889,591.940505050505,965.520303030303,82.6666733870965,24.3298274767929,31.072822579069,1.69934218139141,3.16014702457117,2.30625313461803,-0.185196606863644,-0.0683753108747395,0.246233333578581,194,990,-106,114.033333333333,1005.01111111111,-86.4111111111111,0.953197172543056,0.953197172543056,0.953197172543056,320,124,126,339.494011060036,402.45,7081.89683163375,346043.103333333,0.236228717856975,8037.01806146798,0,584.235302562769,0,931.810159123575,1
627812,-48,933,-155,262,1066,-9,126,1009,-77,110.82,1007.26,-79.48,0,1006.52361818279,-58.0924902685224,143.810152631864,1007.62660742956,85.4355897738173,8485.13898989899,746.133737373737,992.090505050505,92.1148141717661,27.3154486943513,31.4974682323914,1.61891334353073,3.02816792643678,2.62255292845332,-0.131511556198217,-0.0971956194716305,0.136668847990989,-19,990,-77,111.277777777778,1007.58888888889,-79.7555555555556,0.966917009359681,0.966917009359681,0.966917009359681,310,133,146,340.329358007594,401.54,8787.56164912793,347763.993333333,0.0597403240699094,10017.8633378315,0,799.034026545694,0,938.676279678477,1
629375,-67,923,-145,281,1076,-19,116,1000,-87,112.99,1004.07,-81.07,0,1002.96577875502,-66.0351616540438,157.553705129394,1004.6182807415,86.9269233321875,12178.212020202,1112.4495959596,993.883939393939,110.35493654659,33.3534045632465,31.525924877693,1.55498860481716,2.30952416852314,1.8602744543344,-0.0221032121967756,-0.158844234615214,0.0471158993279736,242,1028,-116,113.033333333333,1004.46666666667,-81.2777777777778,0.979868756651153,0.979868756651153,0.979868756651153,348,153,126,339.974636799136,404.016666666667,12626.5304336733,347212.45,0.01227632128203,14537.8980495552,0,1190.16277803413,0,973.953040783538,1
630937,-87,933,-126,271,1095,-9,101.5,1009,-77,107.7,1002.42,-76.75,0,1000.78821531884,-53.0277630273166,155.292433814401,1003.23486781511,82.8782842486498,12642.8787878788,1650.85212121212,988.128787878788,112.440556686094,40.6306795563663,31.4345158683697,1.54595877703638,1.84076918928671,2.37746629707084,-0.0954062726683123,0.0124342765750259,0.354233149050555,233,1019,-77,108.966666666667,1002.31111111111,-77.5555555555556,0.978217665935425,0.978217665935425,0.978217665935425,358,162,117,339.153680946486,401.823333333333,13547.2367246236,345821.583333333,0.0835736471786489,14940.8315024476,0,1870.08900522087,0,837.631155946594,1
632500,-87,933,-135,320,1085,9,126,1009,-87,115.94,1005.73,-77.02,0,1004.34475133733,0,169.795641875756,1006.41507838466,84.7790068354189,15543.9155555556,1392.40111111111,1268.0804040404,124.675240346893,37.3148912782968,35.6101165968381,1.56659672574455,1.975252610821,2.24466665281927,-0.0746392735149249,-0.252357797106347,0.477221744066493,19,1038,-106,116.522222222222,1006.21111111111,-78.1777777777778,0.981453895033654,0.981453895033654,0.981453895033654,407,152,144,341.079768589598,406.976666666667,16025.2744273625,349629.783333333,0.021622440586903,18427.9537437739,0,1527.29674143571,0,1179.58638097142,1
634062,-116,923,-155,291,1085,38,106,1009,-77,110.15,1003.48,-71.65,0,1002.09766145142,0,159.370292087327,1004.16386113024,79.3404688667769,13399.8661616162,1386.81777777778,1172.91666666667,115.757790932689,37.2400023869196,34.2478709800575,1.59905353438225,2.43552082577816,3.19587659863011,-0.116208807751958,-0.226057093270179,0.54272123959203,252,1028,-87,111.588888888889,1003.92222222222,-72.8333333333333,0.979868756651153,0.979868756651153,0.979868756651153,407,162,193,339.632601534188,402.053333333333,14057.7706436375,346679.62,0.0724312163907836,15941.5862494075,0,1494.59182199099,0,1072.82029734279,1
635625,-77,923,-145,281,1085,29,126,1004.5,-87,114.06,1001.59,-83.93,0,1000.11462704075,-72.810546531157,162.424074570243,1002.32451331892,90.1553658968783,13506.9660606061,1486.7695959596,1094.69202020202,116.21947367204,38.5586513763072,33.0861303298228,1.57804076792953,2.15394518320913,3.1168540228785,-0.158718672906002,-0.0590592848757983,0.378808441037791,242,1028,-87,115.411111111111,1001.3,-84.6777777777778,0.979868756651153,0.979868756651153,0.979868756651153,358,162,174,339.459061333201,406.76,14364.795070588,346388,0.0814030902576425,15978.0891780637,0,1647.34657568317,0,975.348121749364,1
637187,-106,914,-165,359,1095,9,126,1009,-87,122.34,1004.87,-80.83,0,1002.79279341004,0,180.884769950375,1005.90701856583,87.609531444929,17931.5397979798,2106.27585858586,1153.47585858586,133.908699485806,45.8941810972356,33.9628599883146,1.68931008556532,1.90088202493588,3.00462655085363,-0.0409252113953261,0.0183893659603716,0.516129517434286,-77,952,-97,121.688888888889,1004.62222222222,-82.1666666666667,0.979868756651153,0.979868756651153,0.979868756651153,465,181,174,341.434816907104,411.046666666667,18743.9182089422,350747.886666667,0.0250749450243103,21105.8288743689,0,2387.40208337574,0,804.623152693625,1
638750,-58,904,-155,320,1076,29,106,1019,-97,115.28,1000.92,-90.84,0,998.719534593798,0,152.535241829552,1002.00320358769,96.7364460790244,10078.3046464647,2191.48848484848,1117.20646464646,100.390759766348,46.8133366130688,33.4246385866244,1.77755179912381,1.73701833608147,3.75320291349329,0.136956725510689,-0.290235286547697,0.702335157266177,19,1028,-97,113.855555555556,1001.94444444444,-92.2444444444444,0.960362270315478,0.960362270315478,0.960362270315478,378,172,184,338.952087863523,404.893333333333,10906.632959651,345545.12,0.0127807433889978,11915.651104117,0,2514.03474480786,0,1004.13873121518,1
640312,-19,895,-155,213,1085,-38,92,1009,-97,93.4,1004.21,-93.95,0,1002.62802406273,-86.182842320584,112.36431817975,1004.98446256646,97.2701907060945,3941.59595959596,1571.76353535354,641.300505050505,62.7821308940367,39.6454730751638,25.3239117248995,1.76796591604749,2.63962199707106,2.42037990818451,-0.0272841436932188,-0.465314534935849,0.0723935173547496,19,1028,-97,93.5333333333333,1005.37777777778,-94.1111111111111,0.942683189255492,0.942683189255492,0.942683189255492,232,190,117,338.36948264071,397.56,4278.71616493208,344027,0.0475151638283369,4657.23878839842,0,1816.90958954194,0,591.884633237536,1
641875,-48,933,-145,194,1076,-29,87,1009,-72,85.66,1008.79,-78.8,0,1008.03220775448,-68.3697410423617,101.81542122881,1009.16864299283,83.493353028849,3059.33777777778,771.803939393939,769.393939393939,55.3112807461351,27.7813595670539,27.7379512472342,2.11129476432838,3.45051370651201,2.29040156491644,-0.163557390064582,0.0501612755609687,-0.249294313230391,29,1019,-67,86.1111111111111,1008.77777777778,-78.2222222222222,0.939881438037007,0.939881438037007,0.939881438037007,242,143,116,339.102830578862,391.71,3250.37347618795,345252.956666667,0,3596.23868849521,0,818.692320474906,0,671.224291082488,1
643437,-38,933,-126,252,1085,-19,106,1009,-77,102.36,1005.08,-78.35,0,1004.0848419507,-68.5732096048531,129.585801691389,1005.57905706115,82.0232284173209,6378.69737373737,1013.56929292929,595.037878787879,79.8667476096114,31.8366030369022,24.3933982623963,1.80223701146039,3.10415025859956,2.28987302047965,-0.0703230251480243,0.167102219135099,0.233275815938101,165,990,-97,101.755555555556,1004.54444444444,-78.6888888888889,0.964799548505087,0.964799548505087,0.964799548505087,290,152,107,338.875864105757,396.71,6665.45536906818,344903.176666667,0.0299626392038855,7501.10266243283,0,1136.31122723396,0,531.325669270941,1
645000,-67,923,-145,252,1123,0,106,1000,-87,94.96,1004.99,-81.75,0,1002.95168240895,0,132.992631374825,1006.02397088737,86.9863782439527,8757.2105050505,2100.33323232323,892.492424242424,93.5799685031498,45.82939266806,29.8746117002786,1.70777703577372,2.80057570591976,2.821768333823,-0.130632914827011,0.404132044194759,0.357260363789036,58,1000,-97,95.3666666666667,1003.17777777778,-82.4555555555555,0.979868756651153,0.979868756651153,0.979868756651153,319,200,145,339.144274693529,398.94,9247.58242288316,345779.3,0.0532513120080735,10442.1153680868,0,2367.8983899663,0,865.307997489646,1
646562,-58,895,-155,271,1095,29,111,1009,-77,96.83,1010.06,-78.71,0,1008.35963462674,0,136.934473380519,1010.89961915118,85.4667771710154,9469.69808080808,1713.97616161616,1120.51101010101,97.3123737291825,41.4001951881409,33.4740348643693,1.72455580447551,2.70587448946167,3.06465501756989,-0.121070272070705,-0.225796516267547,0.333917012733612,-58,1000,-116,96.6,1010.68888888889,-79.3111111111111,0.972867104360788,0.972867104360788,0.972867104360788,329,200,184,340.913147795765,400.966666666667,10010.8351151497,349324.553333333,0.0347103049432293,11161.2455870748,0,1877.99449070198,0,802.792219776172,1
648125,-135,914,-155,320,1104,58,97,1009,-97,88.55,1004.86,-89.16,0,1003.00878111554,0,154.365248679876,1005.777420705,98.2202626752749,16149.0176767677,1863.23272727273,1714.86303030303,127.078785313551,43.1651795695643,41.4109047269319,1.72479276715539,2.15381262530266,4.78780356782216,-0.0543668016065946,-0.148292624122143,1.1739345508314,-67,1009,-97,87.6111111111111,1005.13333333333,-92.0777777777778,0.987137774372186,0.987137774372186,0.987137774372186,455,190,213,340.370864773181,408.91,17228.9253027115,348354.69,0.0519311858031537,19091.8680304142,0,2104.56982416585,0,1685.17500849885,1
649687,-126,952,-165,349,1104,19,116,1000,-97,108.65,1005.46,-97.67,0,1004.72405704461,0,181.698734172806,1005.83442971495,104.550514106818,21423.845959596,760.695353535353,1405.43545454546,146.368869503033,27.5807061826806,37.4891378207802,1.61112709699401,4.01817662875576,3.20822380619245,-0.0960362222896381,0.71599604992363,0.634441443584697,271,1028,-97,108.1,1004.12222222222,-99.4888888888889,0.987137774372186,0.987137774372186,0.987137774372186,475,152,184,342.275249500782,418.893333333333,21922.3805852271,351882.713333333,0.0478408119175351,25174.6569236336,0,794.446986581745,0,1092.11626108655,1
651250,-67,914,-155,300,1066,0,97,1009,-97,100.75,1005.01,-97.41,0,1004.24650452023,0,120.908436430218,1005.38662712411,101.190266330315,4513.42171717172,764.818080808081,758.345353535354,67.1820044146624,27.6553445252103,27.538070984282,4.08434318547415,4.09440728987881,3.98547582549817,0.36753945958938,-0.400056258346045,0.581215933344188,106,1009,-97,99.5444444444445,1005.73333333333,-98.2555555555556,0.945415365310838,0.945415365310838,0.945415365310838,367,152,155,339.081218450779,402.643333333333,4603.83972991655,345220.196666667,0.0767457947610353,5184.80912234082,0,721.833068392031,0,521.540365946956,1
652812,9,952,-145,145,1095,-58,67,1000,-87,69.99,1009.3,-90.96,53.1860643584873,1008.40725181859,-89.1476886979057,74.9464475475656,1009.75176157311,91.8597844543519,725.626161616161,921.343434343435,166.16,26.9374490554722,30.3536395567885,12.8903064354576,3.25231194255123,2.54770126447563,5.28589443459016,0.256724170531626,0.450500866213974,-0.475759328390626,58,990,-97,69.6333333333333,1008.7,-90.6777777777778,0.91829583405449,0.91829583405449,0.91829583405449,136,143,87,338.751018275345,390.083333333333,1009.33581149337,344551.27,0,794.178439299428,0,1010.93194920066,0,120.906565975769,1
654375,29,971,-145,126,1057,-48,77,1009,-97,79.38,1008.12,-92.25,73.5860501872098,1007.84608834043,-89.6590946005195,81.8869953045049,1008.25764564421,93.4228558758509,408.379393939394,280.349090909091,219.967171717172,20.2083990939261,16.7436283675042,14.8312902917168,2.62164895086616,2.96672681595026,4.15871303904525,0.0187826468820784,0.339286495832421,0.0495556585404142,77,1009,-87,79.4111111111111,1007.71111111111,-92.4222222222222,0.91829583405449,0.91829583405449,0.91829583405449,97,86,97,338.579512830338,393.25,430.136982458197,344005.596666667,0,371.883639147134,0,262.19665057956,0,127.161589292993,1
655937,29,952,-126,145,1057,-58,77,1009,-97,74.43,1008.37,-94.36,63.9752279423327,1007.87166755553,-91.3737871930194,78.9024080747857,1008.61954670728,95.7310816819699,692.69202020202,508.417272727273,263.263030303031,26.3190429195672,22.5481101808394,16.2253822852662,2.40169642771,2.50739094588911,2.39979302290734,0.138070185322819,0.107609369679843,0.180445376143705,77,1000,-87,74,1008.18888888889,-94.6444444444444,0.91829583405449,0.91829583405449,0.91829583405449,116,105,68,338.66182742556,392.386666666667,788.937985767955,344234.473333333,0,608.849480955552,0,550.071577718369,0,201.574132109108,1
657500,19,961,-135,145,1057,-58,77,1009,-87,79.55,1006.5,-90.42,60.7496893296534,1006.114987178,-87.874227301658,86.6127588753528,1006.692425719,91.7023445719901,1185.42171717172,391.30303030303,235.902626262626,34.4299537782396,19.7813808998015,15.3591219235549,1.84461214776082,2.4951051322989,3.06187648890223,-0.0457196554054208,0.0127126357679618,-0.404450266769188,116,1000,-87,79.5,1006.63333333333,-90.0666666666667,0.91829583405449,0.91829583405449,0.91829583405449,126,96,77,338.127407230255,392.156666666667,1201.68388922036,343113.576666667,0,1349.69838239116,0,412.206565891251,0,183.496501414192,1
659062,9,942,-145,135,1066,-48,67,1009,-87,73.75,1009.22,-91.64,54.5959239429891,1008.56614599343,-88.3649478464529,79.8356436687273,1009.54548188777,93.2101925757049,944.108585858586,663.708686868686,293.182222222222,30.7263500249962,25.7625442623334,17.1225647092432,2.35382044497568,2.55918402527371,3.3250339131283,0.046831421591802,-0.128336989514655,-0.24907120269934,67,1019,-77,73.7111111111111,1009.34444444444,-91.4111111111111,0.91829583405449,0.91829583405449,0.91829583405449,126,124,97,338.879333040611,391.536666666667,1074.20621281079,344747.983333333,0,1026.38951500163,0,734.435347952801,0,212.389406353325,1
660625,-87,933,-155,271,1095,-9,77,1009,-97,76.86,1008.71,-96.89,0,1008.05998827958,-75.3296985348951,100.690515938692,1009.03495975115,100.970243141234,4273.85898989899,662.30898989899,815.472626262626,65.3747580484929,25.7353645767646,28.5564813354626,3.90970080717845,4.75999077348468,4.01018929597652,0.484765807594506,0.0956335164215698,0.593833750810374,48,1009,-97,74.7111111111111,1008.77777777778,-98.2222222222222,0.953197172543056,0.953197172543056,0.953197172543056,358,162,146,339.55958930775,396.253333333333,4293.40349782442,346161.706666667,1.12501966349639,4746.06785059486,0,654.797306674285,0,676.186514170045,1
662187,-87,914,-165,271,1085,-19,87,1009,-97,78.22,1005.71,-97.14,0,1004.14738470235,-80.803750139486,122.977558928448,1006.48241415337,102.596686106326,9096.07232323233,1569.94535353535,1100.90949494949,95.3733312998572,39.6225359301415,33.1799562228387,1.87001629965295,2.29817173418942,2.43903761889066,0.0180310005973922,-0.23154358786182,0.268228943174676,145,1019,-106,77.5111111111111,1006.07777777778,-97.9333333333333,0.987137774372186,0.987137774372186,0.987137774372186,358,171,146,339.451426481056,401.296666666667,9186.2551425858,346218.803333333,0.109856870373272,10367.2806663965,0,1777.83787730836,0,989.249933479393,1
663750,-77,952,-165,203,1057,-38,87,1000,-97,78.18,1004.53,-95.02,101.157066724279,1004.0002780098,-87.2240094694769,100.842848035942,1004.79570560388,98.4086378322554,4098.14909090909,539.28191919192,662.080404040404,64.0167875709887,23.222444298392,25.7309231089832,2.43181736319961,2.42266242566382,2.76015160383127,-0.122303352080691,0.176411018651936,-0.0621840104764789,38,1009,-97,78.7777777777778,1004.24444444444,-94.9666666666667,0.9556537346562,0.9556537346562,0.9556537346562,280,105,127,338.121603664215,395.116666666667,4243.18687829295,343155.983333333,0.105885685732775,4721.05862932157,0,572.881786619807,0,598.395226809932,1
665312,-29,933,-155,203,1066,-19,72,1009,-87,81.3,1008.99,-89.87,0,1007.89770338006,-77.58454330559,102.621927481411,1009.53024224141,94.5709786350971,3961.18181818182,1101.50494949495,875.811212121212,62.9379203515799,33.1889281160894,29.5941077263906,1.90501261149014,2.38891657827127,2.58286405058195,0.192089787252776,-0.278858070311201,-0.0621965564624532,58,1028,-77,80.5111111111111,1009.84444444444,-89.8777777777778,0.950672092687066,0.950672092687066,0.950672092687066,232,133,136,339.5124352987,394.2,3985.87204181011,346208.746666667,0.056639844641109,4664.18561583999,0,1199.66204572518,0,833.767122370764,1
666875,-106,914,-155,242,1114,9,82,1009,-97,81.08,1007.01,-93.71,0,1005.23624214566,-93.3958394269303,114.357422146531,1007.893074686,98.1028541888563,6569.34707070706,1797.28272727273,851.117070707071,81.0515087503438,42.3943714102795,29.1739107887008,2.14358339217299,2.48240735517406,3.69284439922465,-0.0541899559705379,-0.0302895344159006,0.525967387915436,0,1000,-97,81.7666666666667,1007.1,-94.5666666666667,0.970950594454669,0.970950594454669,0.970950594454669,348,200,164,339.388976656237,398.14,6669.2517317577,346183.413333333,0.0428644424876303,7621.84855131421,0,1986.34065561434,0,737.61745352615,1
668437,-58,904,-165,233,1085,9,67,1009,-97,78.76,1006.67,-97.97,0,1004.34587263059,-85.8969319588989,109.53090887964,1007.81131666597,102.848286325053,5852.40646464647,2322.38494949495,989.544545454546,76.5010226379129,48.1911293652156,31.4570269646473,1.78065162930728,2.05054191292521,4.06672033279046,0.184545181261931,-0.317349458426807,0.740776285154,-9,1047,-97,77.4888888888889,1007.67777777778,-99.5111111111111,0.976500468757824,0.976500468757824,0.976500468757824,291,181,174,339.21881713991,396.866666666667,6080.43558754544,346086.146666667,0.0733602792572669,6842.17014136941,0,2685.37126147376,0,772.336711077039,1
670000,-77,885,-174,291,1142,9,82,1009,-87,84.45,1004.89,-88.27,0,1001.36850544394,-69.306372523323,122.31259133875,1006.64806660521,96.5555280654609,7907.64393939394,3572.13929292929,1546.84555555556,88.9249342951342,59.7673764936131,39.3299574822495,2.2376532944028,2.18972763589966,2.44662571829995,0.263962211872389,0.0579046042144956,0.00620295604979673,9,1076,-106,83.1444444444444,1004.23333333333,-88.5111111111111,0.968967292510196,0.968967292510196,0.968967292510196,368,257,183,338.910504258265,396.55,8094.05408582669,345874.556666667,0.0477134983569163,9296.54292863368,5.46023302126873,4225.49248227351,0,1659.05369247236,1
671562,-135,895,-165,281,1133,29,87,1009,-97,81.67,1008.68,-92.31,0,1005.28016124528,0,128.401752324491,1010.38845994993,98.9893428607343,9916.18292929294,3484.34101010101,1290.6605050505,99.5800327841528,59.0283068544322,35.9257638060836,2.35017107255042,2.17685469220196,3.28555460292444,-0.124443922470711,0.167247941122538,0.508703331076717,97,1019,-116,82.6555555555556,1007.81111111111,-93.4333333333333,0.972867104360788,0.972867104360788,0.972867104360788,416,238,194,340.541930064628,403.2,11144.9884476525,349056.913333333,0.096868052893002,11751.8917021506,1.98600644960951,4125.90593832889,0,1280.54177076829,1
673125,-19,885,-174,213,1114,-9,82,1009,-87,85.26,1006.39,-88.05,0,1003.02630669788,-67.2976066235312,98.8331928048467,1008.04514283836,94.7719895327728,2523.97212121212,3367.85646464646,1241.34090909091,50.2391492883003,58.0332358622752,35.2326682085094,2.46835482878383,2.02880476897942,2.33108250122688,0.255631447622654,-0.204596797166779,0.0403851989146907,58,1057,-97,84.3,1007.57777777778,-87.9555555555555,0.931055823385033,0.931055823385033,0.931055823385033,232,229,165,338.493134283011,393.36,4204.62106901601,344968.246666667,0,2857.86721552572,0,3953.33801907525,0,1239.86793629815,1
674687,-19,914,-155,242,1123,9,92,990,-97,98.13,1004,-95.28,0,1001.91985712244,-88.6502361193164,121.402100476063,1005.05865500477,100.366030109794,5160.57888888889,2148.38383838384,1005.11272727273,71.8371692711293,46.3506616822655,31.7035128538263,1.94794847936898,2.66767151440322,3.46378389251595,0.225054465577349,0.467121780851236,0.43682097431124,155,971,-106,96.9444444444444,1002.91111111111,-96.3111111111111,0.939881438037007,0.939881438037007,0.939881438037007,261,209,164,338.767911416932,399.636666666667,5694.10688870406,344984.903333333,0.0417144990873966,5988.04571037895,0,2465.68916285269,0,1027.72556327171,1
676250,9,952,-126,174,1076,-38,87,1009,-97,89.08,1007.76,-94.8,59.6988531362629,1006.96885093915,-89.8003865013613,97.8218789433121,1008.15830106189,96.835427401339,1650.37737373737,811.05292929293,394,40.6248369072095,28.4789910160618,19.8494332412792,2.2364723680869,2.51277807436522,2.68447702834291,-0.069522898138932,0.291961372693619,0.430490943969554,87,1028,-106,89,1007.08888888889,-95.5555555555556,0.91829583405449,0.91829583405449,0.91829583405449,165,124,88,339.056184287179,397.213333333333,2025.77516018311,345109.793333333,0,1835.08151843088,0,863.643003024272,0,334.368488877823,1
677812,0,942,-155,184,1076,-38,87,1000,-87,85.55,1007.29,-90.27,0,1006.33588786891,-83.8355768135292,95.0226815028917,1007.76924442057,93.182562746471,1727.78535353535,975.460505050505,539.714242424243,41.5666375057612,31.2323631038464,23.2317507395427,2.49131452478461,2.1495004145179,2.73377465659277,9.6210046147908e-05,0.190869174077419,-0.140811879919966,58,1000,-77,85.3888888888889,1007.1,-90.0222222222222,0.92481870497303,0.92481870497303,0.92481870497303,184,134,117,338.689181840554,394.37,2094.77542170888,344437.05,0,1981.25720963553,0,1076.56922504645,0,474.818196701427,1
679375,-38,952,-135,223,1076,9,106,1009,-77,106.62,1007.54,-74.53,0,1006.94402185971,0,121.7469506805,1007.83755635519,81.3869154102796,3489.38949494949,605.745858585859,1079.90818181818,59.0710546287223,24.6119048142532,32.861956451468,2.52997392237149,2.83175056650159,2.41364376353013,-0.194729917606114,-0.00956949084847586,0.134028502952175,106,1009,-48,107.255555555556,1007.6,-74.9888888888889,0.934068055375491,0.934068055375491,0.934068055375491,261,124,144,339.387238426442,396.73,3619.23181089232,345727.563333333,0,3786.04786445879,0,618.207058987039,0,1036.29488446322,1
680937,0,923,-194,252,1114,19,135,1000,-72,134.97,1001.59,-75.93,0,999.95503496687,0,143.39222433591,1002.41731329821,91.7039257611145,2368.1102020202,1674.68878787879,2670.95464646465,48.6632325479946,40.9229616215492,51.6812794584717,3.10397491451084,3.26652929429919,2.3008174906445,-0.0167452833773723,0.389164024038056,-0.252609937889682,126,1019,-38,135.222222222222,999.911111111111,-74.7777777777778,0.911484409698704,0.911484409698704,0.911484409698704,252,191,213,338.634152238754,404.476666666667,2928.31461864094,344603.803333333,0,2678.08276026358,0,1923.32752803591,0,1801.72628596866,1
682500,-48,857,-174,233,1209,9,97,1000,-97,97.41,1002.31,-89.09,0,997.330490883186,0,115.504848383087,1004.83845965409,99.5735406621659,3891.57767676768,5126.25646464647,1997.8403030303,62.3825109847918,71.5978803083336,44.6972068817538,2.76294516971352,3.42690878344898,2.26015172688461,-0.10162842593716,0.391425389197094,0.363095631071171,145,1038,-116,97.7666666666667,999.766666666667,-89.9444444444444,0.939881438037007,0.939881438037007,0.939881438037007,281,352,183,337.939250610575,397.67,5922.97105832773,344318.863333333,0.150149973284762,4192.21848777524,0.595704735537097,5993.10993784465,0,1522.90723308962,1
684062,-67,866,-194,223,1333,0,97,1000,-77,89.25,1002.54,-86.5,0,998.615033361786,0,109.136016053363,1004.67454431771,101.938020384938,3984.95707070707,4327.76606060606,2938.49494949495,63.1265163834269,65.7857587978284,54.2078864142013,3.17675777194964,9.59600971267034,1.96059837826546,-0.482890027873312,1.69470821190007,-0.344230860861718,97,1000,-48,90.9666666666667,997.788888888889,-85.4666666666667,0.9556537346562,0.9556537346562,0.9556537346562,290,467,194,337.874380298726,395.316666666667,5545.16335036146,343890.99,0.176278767519983,4384.68222791035,0.896850875406444,5097.65150361583,0,2433.14206261191,1
685625,-106,857,-203,281,1190,0,92,1000,-121,84.95,1005.28,-114.81,0,1001.5010307197,0,118.587393933757,1007.1578625022,125.807273239666,6915.62373737373,3817.25414141414,2672.86252525253,83.1602293008728,61.7839310938867,51.6997342860921,2.7245306226104,3.19414341372086,2.25599673151267,-0.0358606952487622,0.0456069431409596,0.393628319835946,97,1038,-174,85.1,1005.07777777778,-116.611111111111,0.962614705998252,0.962614705998252,0.962614705998252,387,333,203,339.965971107499,406.413333333333,7664.04286372823,348085.8,0.068709773343968,7548.0193092026,0.208304378226437,4455.96281403788,0,2530.23425663892,1
687187,-126,828,-194,223,1409,29,62.5,1000,-106,65.3,1007.55,-91.41,0,1000.46099173063,0,95.1665907763854,1011.34585083442,108.937826304732,4841,7740.83585858585,3547.13323232323,69.5772951471959,87.9820200869806,59.5578142003485,3.11718492582821,6.87640083269548,1.74320107353283,-0.0163939740501264,1.18042935660674,0.267896361656613,48,1000,-155,65.8555555555556,1003.04444444444,-92.3,0.9556537346562,0.9556537346562,0.9556537346562,349,581,223,339.30551242729,392.746666666667,8347.77441463595,347914.853333333,0.363644823543207,5442.8067490609,0.375056863086986,9201.82028808801,0,3284.79721101772,1
688750,-184,838,-223,271,1342,-9,58,990,-126,60.59,1000.66,-117.02,0,994.023445970862,-69.1862755397053,114.546016953886,1004.27646591962,129.205495239173,9545.09282828283,7324.02464646465,3030.68646464646,97.6989909276592,85.5805155772308,55.0516708615321,2.633804884436,6.46923376308136,1.96176907450934,-0.0788890608693805,1.35848733584204,0.229782248615166,135,990,-58,61.7222222222222,995.077777777778,-117.777777777778,0.98581503717892,0.98581503717892,0.98581503717892,455,504,214,338.510371544583,402.976666666667,9798.44916515688,346128.69,0.153909684694538,10823.0975848567,0.506926197372353,8552.55091236321,0,2884.92594771581,1
690312,-97,847,-223,252,1285,9,67,1000,-97,67.06,1010.28,-101.94,0,1003.67871106141,0,93.8693773282853,1013.79837245874,114.719832635861,4357.99636363636,7193.39555555556,2796.84484848485,66.0151222345029,84.8138877516858,52.8852044383384,3.21612381387139,4.77526158768294,2.43029833222578,-0.0177365177483074,1.02562083861492,-0.271653400728447,87,1009,-106,67.5,1004.37777777778,-101.222222222222,0.9580420222263,0.9580420222263,0.9580420222263,349,438,232,340.361749302351,396.88,7264.35989860907,349919.746666667,0.154791768233649,4861.07379959808,0.41963064569985,8505.78800840067,0,2701.3034527822,1
691875,-116,809,-233,262,1266,9,48,995,-140,54.95,996.6,-130.33,0,991.156995834085,0,100.055834412592,999.340822742672,141.092133019527,7062.2904040404,5525.77777777777,2950.58696969697,84.0374345398549,74.3355754519851,54.3193056812858,2.3048606566362,4.49793984163532,2.4839724967146,0.182113950479242,0.352718659358902,0.506178669415214,-29,952,-174,54.2555555555556,995.744444444444,-132.111111111111,0.987137774372186,0.987137774372186,0.987137774372186,378,457,242,337.215895667173,402.213333333333,7528.27379260612,342866.746666667,0.113624038209812,7986.71904105313,0.326351694389928,6497.63952317315,0,2685.38806188914,1
693437,-67,885,-203,233,1247,-9,87,1009,-106,82.71,1011.63,-106.6,79.6271013764983,1007.70314177929,-70.3293587694777,92.2157795607671,1013.70971683219,117.086463777842,1679.60191919192,4254.6798989899,2369.37373737374,40.9829466875177,65.227907363259,48.6762132604184,5.54567400803023,6.15052612573055,2.10918407835037,-0.210079556220097,1.16969430578018,0.0143072810356324,87,1028,-87,83.0666666666667,1007.36666666667,-106.622222222222,0.927972814719956,0.927972814719956,0.927972814719956,300,362,194,340.865686947927,401.013333333333,4348.85918969397,349940.126666667,0,1777.00521664968,1.25369693628056,4889.37118856528,0,2291.96140268831,1
695000,-38,904,-213,174,1295,-9,58,995,-145,65.07,1001.8,-128.11,0,997.461186203935,-85.7697254577554,83.5557897455347,1004.15752748262,138.550460121935,2775.21727272727,4776.86868686869,2812.1796969697,52.6803309853618,69.1148948264315,53.0299886570768,2.22862821306773,6.64985042515459,2.21284764090541,0.134026053318287,1.49233639833146,0.543142130809573,58,961,-145,64.7222222222222,995.722222222222,-129.677777777778,0.950672092687066,0.950672092687066,0.950672092687066,212,391,204,338.281447776731,399.646666666667,5323.21049388068,344836.713333333,0,3021.88865202393,0.872263981655422,5526.97963931487,0,2402.99901377237,1
696562,-77,780,-203,262,1180,0,77,1019,-97,80.2,1007.54,-95.93,0,1002.97910603235,0,99.9827985205455,1009.69893532676,106.174902872572,3600.52525252525,4399.07919191919,2091.4596969697,60.0043769447301,66.3255545918705,45.7324796722165,3.27523278844159,4.65936684907928,2.50595671280445,0.458390369014095,-0.569664375436725,-0.374898438234163,77,1019,-97,78.6333333333333,1009.16666666667,-94.6555555555556,0.939881438037007,0.939881438037007,0.939881438037007,339,400,203,339.365040477633,395.443333333333,4729.45820599315,346920.536666667,0.114031748863913,4216.89898074454,0.321475820233085,5212.61458449411,0,2306.0360871985,1
698125,-58,876,-203,271,1238,-9,58,990,-126,70.44,1003.29,-116.19,0,998.408888191311,-82.8848458964382,104.638998466155,1005.88935276202,125.845023739519,6048.00646464646,5275.31909090909,2360.45848484848,77.7689299440751,72.631391910861,48.5845498574236,2.56891963857659,4.16108971144967,1.94356736174968,0.411570535510171,1.05884184434995,0.267194306561249,106,923,-155,67.6888888888889,997.355555555556,-117.066666666667,0.968967292510196,0.968967292510196,0.968967292510196,329,362,194,338.873263135495,400.666666666667,6716.59749384101,346199.893333333,0.0570164332316993,6847.4556014058,0.391086106721376,6225.940260839,0,2345.40292791123,1
699687,-87,885,-213,165,1200,-19,58,1004.5,-116,60.61,1007.67,-111.01,0,1004.80635696394,-80.7640761101461,78.7539840262066,1009.13363337072,122.311528483623,2554.1594949495,2981.67787878788,2663.52515151515,50.5386930475007,54.6047422737978,51.6093513959936,2.62644108059968,4.33334265162862,1.77644030372196,-0.0962951598866367,0.578972080781888,-0.0141302669157365,87,990,-155,60.7555555555556,1006.03333333333,-110.877777777778,0.960362270315478,0.960362270315478,0.960362270315478,252,315,194,339.387298921603,394.75,3612.61505444408,346504.33,0,2739.82304316878,0,3489.98554319814,0,2794.3371553152,1
701250,-58,819,-233,174,1228,29,62.5,1000,-126,63.99,1004.77,-119.43,0,1000.62517625042,0,86.2597820539793,1006.88358314157,134.4058406469,3379.82818181818,4294.74454545455,3839.80313131313,58.1362897149292,65.5343005261714,61.9661450415719,2.15247933119974,4.25652250635275,2.02532558316793,-0.0824953350282307,0.512341478234977,0.207030569159882,9,961,-174,64.7222222222222,1002.68888888889,-120.222222222222,0.9580420222263,0.9580420222263,0.9580420222263,232,409,262,339.166578560013,398.81,5266.09597755884,346440.076666667,0,3698.61413645575,1.52016711737391,4954.97519200936,0,4056.5649688899,1
702812,-58,790,-213,203,1285,9,67,1009,-111,78.6,1004.29,-111.08,0,1000.31679917651,-83.7621987862057,97.2089502052152,1006.31949697897,122.221356562591,3304.66666666666,4121.74333333334,2625.54909090909,57.4862302353065,64.2008047716953,51.2401121281861,2.5660233580651,7.02888413939501,2.16583562877834,0.133748079961922,0.696832365998825,0.191491236893308,58,1019,-77,78.2666666666667,1002.3,-111.922222222222,0.950672092687066,0.950672092687066,0.950672092687066,261,495,222,338.793537923404,399.13,4487.13936645583,345688.856666667,0,3808.24900648975,1.40536409691428,4848.57106718961,0,2657.27163396644,1
704375,-29,847,-203,184,1161,29,87,1000,-97,87.52,1004.48,-102.63,0,1001.83774454123,0,102.186691892829,1005.79357723143,117.33162404058,2810.47434343434,2667.32282828283,3266.45767676768,53.013907075732,51.6461308161882,57.1529323549341,2.07241873774855,3.29127025632057,2.11340744835869,0.0671489042445408,0.0198800219401548,-0.037220347666578,48,1057,-87,88,1004.3,-102.877777777778,0.927972814719956,0.927972814719956,0.927972814719956,213,314,232,338.846065144274,398.783333333333,3731.7037769122,345276.516666667,0,3146.8821035319,0,3091.20135671719,0,3224.845339019,1
705937,-58,857,-223,184,1180,29,67,1009,-116,70.08,1008.69,-109.07,0,1006.38978244584,0,88.2558779912137,1009.83367442366,120.7294081821,2906.96323232323,2331.85242424242,2706.38898989899,53.9162612977127,48.2892578555772,52.0229659852165,2.73268661380721,4.57354534875477,2.5145842592023,-0.241396472831026,0.0621664557117205,0.348658672328339,48,1009,-135,71.3777777777778,1008.87777777778,-110.211111111111,0.948078243593905,0.948078243593905,0.948078243593905,242,323,252,339.933927494978,398.24,3373.79241636397,347376.246666667,0,3362.67691409881,0,2572.56782211075,0,2781.63875039876,1
707500,-106,819,-203,242,1161,9,72,1009,-87,72.37,1003.58,-91.82,77.2466611515277,999.341834862267,0,95.8674605901293,1005.60050715978,104.326027433235,3993.08393939394,4100.56929292929,2477.78545454546,63.190853289016,64.0356876509442,49.7773588546586,3.88724998890317,3.67973969065577,2.1306576737577,-0.178371549754143,-0.563210908274731,-0.176238578984327,58,1038,-67,73.1777777777778,1005.82222222222,-91.1666666666667,0.945415365310838,0.945415365310838,0.945415365310838,348,342,212,337.87850234796,392.71,4521.17606723901,343768.956666667,0.346347806559387,4511.43451912489,0.321216298621465,4786.0072493529,0,2539.77031534625,1
709062,-19,885,-194,223,1247,38,77,1009,-67,82.41,1010.02,-81.51,0,1006.52970641435,0,96.8574726079511,1011.86528747655,98.0371868221442,2616.12313131313,3768.64606060606,2997.38373737374,51.1480510998526,61.3892992353396,54.7483674402601,2.91767519772387,6.13766090067647,2.08599007306415,0.386043699661343,1.177277252602,-0.240938465351292,77,1009,-38,80.6888888888889,1006.01111111111,-81.6111111111111,0.92159315967549,0.92159315967549,0.92159315967549,242,362,232,339.827647184982,392,4376.99313370587,347621.34,0,2978.9207446527,1.42750628361459,4360.2339173212,0,2722.35263740335,1
710625,-77,828,-203,281,1228,38,82,1000,-97,84.38,998.52,-97.05,76.3640526401672,991.865537312002,0,111.781125419276,1001.87643948743,117.688954451979,5429.32888888889,6782.0298989899,4476.75505050505,73.6839798659715,82.3530806891272,66.9085573787468,3.58770323229851,3.25011764977801,1.85982840217924,0.334525024117269,0.299027720558,0.142150613660397,38,1038,-116,82.7333333333333,996.5,-98.3333333333333,0.92481870497303,0.92481870497303,0.92481870497303,358,400,241,337.285050212646,397.403333333333,7589.9218320368,343367.37,0.1169110503838,6364.44296000979,0.743794736197741,7999.22851031987,0.173082508169313,5229.43025469354,1
712187,-38,828,-233,203,1219,29,87,1019,-111,82.95,1006.2,-107.56,67.1287990372731,999.64326851611,-68.0975820892386,100.373253409462,1009.41863466057,120.418354082756,3226.35101010101,6553.07070707071,2961.03676767677,56.8009771931875,80.9510389499153,54.4154092852086,2.38637128504005,2.8933765055488,2.60214414591917,0.00527794406614199,-0.0602108804376242,0.288341223673298,87,1028,-77,82.8888888888889,1005.77777777778,-108.444444444444,0.934068055375491,0.934068055375491,0.934068055375491,241,391,262,339.507137384701,400.363333333333,6796.405964218,347833.783333333,0,3712.26192038458,0.509265023220565,7704.76411339,0,3022.17881471846,1
713750,-106,828,-194,213,1219,9,67,1004.5,-77,78.72,1008,-82.23,0,1002.71358931372,0,103.96537885277,1010.58347502816,97.3850604559036,4658.54707070707,5267.63636363636,2749.57282828283,68.2535498762304,72.5784841646363,52.4363693278132,2.51863041074943,3.11292648990626,2.08448785456,-0.0938247515348064,-0.148902486035781,-0.349630587574973,58,990,-38,79.4777777777778,1009.26666666667,-81.0555555555556,0.948078243593905,0.948078243593905,0.948078243593905,319,391,203,339.400301200197,392.39,6991.06491014631,347190.536666667,0.0943153713808684,5414.1357911479,0.383617293521355,6137.673985132,0,3074.4064672085,1
715312,-106,838,-194,262,1238,9,58,1000,-97,65.56,1006.1,-98.07,0,1000.59809781872,0,104.025862168982,1008.95621312325,112.576684975176,6589.15797979798,5813.56565656566,3086.65161616162,81.1736285981967,76.2467419406604,55.5576422840424,2.79666341070099,3.90551503479869,1.7571966136836,0.27783330079775,0.705251121898121,0.0267483574406454,58,1019,-77,63.7666666666667,1002.8,-98.7333333333333,0.972867104360788,0.972867104360788,0.972867104360788,368,400,203,339.237108223462,395.776666666667,6739.26644062942,347162.51,0.0842754390156109,7711.16399837879,0.366944446080735,6886.83928515419,0,3264.32342575263,1
716875,-77,828,-233,281,1266,9,72,1000,-126,64.7,1000.91,-115.64,0,995.301697957672,0,98.913497562264,1003.76366242258,126.212439957399,5654.33333333333,5778.44636363636,2582.79838383838,75.1953012716442,76.0160927938049,50.8212394952975,2.97039337538358,4.64364275307685,2.95215476691718,0.41258630556274,0.490784038741215,0.458764018555078,87,933,-155,62.0555555555556,999.677777777778,-116.755555555556,0.976500468757824,0.976500468757824,0.976500468757824,358,438,242,337.914620152852,398.47,6378.60580806608,344418.316666667,0.077483835745174,6449.32144285395,0.478114306324502,6743.13251108246,0,2517.19002282856,1
718437,-106,790,-203,213,1228,38,87,1014,-97,74.54,1014.99,-94.25,0,1008.92896784587,-67.9532575141227,103.900433107856,1018.02081019987,107.576252026179,5292.00848484849,6223.90898989899,2716.75505050505,72.7461922360785,78.8917548917438,52.1225004245292,2.41750681774615,3.8604711424579,2.47952104617224,-0.310730854740239,0.240694739192957,0.0994044091596267,87,1057,-116,76.3333333333333,1012.98888888889,-94.6,0.966917009359681,0.966917009359681,0.966917009359681,319,438,241,342.045642916673,399.506666666667,7566.23265460135,352911.44,0.122103677595118,6086.15982969148,0.241979913966192,7314.22224304147,0,2869.1618919238,1
720000,-106,847,-223,213,1285,19,87,990,-106,82,1002.23,-106.51,0,995.604037672559,0,105.324735936056,1005.72401283851,122.017088967079,4413.43434343434,7086.68393939394,3579.58575757576,66.4336838014749,84.182444365758,59.8296394571767,2.79317937899779,4.09602833111993,2.14543291646077,-0.29259144794687,0.858495082557954,0.125814416090169,87,942,-87,83.6444444444444,997.344444444444,-106.944444444444,0.950672092687066,0.950672092687066,0.950672092687066,319,438,242,338.437777041581,399.98,7285.71629414756,345820.753333333,0.219541595491172,5097.97693533081,0.407820071050341,8357.9724772051,0,3986.74081031912,1
721562,-116,761,-233,223,1266,-9,77,1014,-116,77.24,1005.13,-109.97,0,997.28304571319,-70.1065485516706,101.679201413072,1008.96196657753,123.580135944253,4416.81050505051,7795.89202020202,3210.75666666667,66.4590889574218,88.2943487444243,56.663539129379,3.08290995254899,3.68366025966655,1.83678397762027,-0.108508733936582,-0.0117116624371493,-0.012005470196075,48,1019,-155,78.0444444444445,1004.92222222222,-109.3,0.953197172543056,0.953197172543056,0.953197172543056,339,505,224,339.322390828097,399.94,8019.73727897102,347871.653333333,0.0859896064866602,5097.90673296367,0.197072613498164,9167.86355338297,0,3252.09978462557,1
723125,-87,809,-213,194,1266,19,77,1000,-101.5,75.79,1003.8,-102.12,0,998.116489446833,0,93.5583774976886,1006.60992444939,118.498354418954,3039.4403030303,5706.16161616161,3649.86424242424,55.1311191889871,75.5391396308007,60.4141063198343,3.01021328963806,4.0582862316098,1.90951977675927,-0.309984971965822,0.0884386419787836,-0.0183142404986895,67,1047,-48,77.3,1004.06666666667,-102.488888888889,0.948078243593905,0.948078243593905,0.948078243593905,281,457,232,338.373043891034,395.876666666667,6207.65329870001,345352.856666667,0,3500.72760716497,0.850298528507719,6509.22093623908,0.13666179848893,4251.12909482362,1
724687,-97,809,-233,291,1209,38,97,1009,-106,80.8,1008.11,-106.29,0,1003.28706310612,0,115.233762413626,1010.46250301533,120.360749416078,6818.36363636364,4796.66454545455,3221.3594949495,82.5733833409025,69.257956549804,56.7570215475539,2.4793319631495,3.87164154248753,2.71375120713183,0.0105432888888595,-0.146357981194459,0.156999944660922,-29,1009,-97,80.2777777777778,1008.54444444444,-107.1,0.972867104360788,0.972867104360788,0.972867104360788,388,400,271,340.610054942619,403.84,7077.20162571551,349600,0.127262476614258,8067.93179793925,0.92900995532214,5634.28635134588,0,3695.50291141644,1
726250,-48,876,-233,242,1171,58,77,1000,-116,82.65,1005.41,-108.99,0,1001.18174799519,0,109.996045383459,1007.57022087793,125.593272112801,5321.3207070707,4392.40595959596,3934.19181818182,72.9473831406631,66.2752288535918,62.7231362272473,2.22359461888335,2.74558913618206,2.71233395194669,0.2440984053894,0.448959571929374,0.426466516501874,29,971,-97,81.4777777777778,1003.52222222222,-111.177777777778,0.945415365310838,0.945415365310838,0.945415365310838,290,295,291,339.774574975755,402.383333333333,6154.7431899251,347690.183333333,0.105929083611809,6240.70112873703,1.40192399309255,5118.99382733928,0.193883491788199,4505.50531077398,1
727812,-38,923,-174,310,1114,-19,116,1000,-97,117.84,1000.42,-94.05,72.7970320534925,998.774501402114,-78.5318255641724,139.175213310417,1001.25710983743,99.7965430262993,5538.86303030303,1692.54909090909,1125.19949494949,74.4235381468997,41.1406014893936,33.5439934257908,2.37168966213062,3.06483693511321,2.64439918365179,0.160305972099592,0.509583996382238,-0.0384329806840947,135,1000,-106,116.833333333333,998.933333333333,-93.8666666666667,0.927972814719956,0.927972814719956,0.927972814719956,348,191,155,338.352866155916,404.676666666667,5930.02308004092,343948.296666667,0.206033371860299,6362.89948238763,0,1983.88092156863,0,1193.90830656285,1
729375,9,914,-155,233,1066,-48,111,1000,-111,115.07,999.88,-111.4,78.1719550127336,998.70084386506,-104.881061800966,127.01318829161,1000.46850025376,114.149375819581,2920.4495959596,1189.09656565656,626.383838383838,54.0411842575604,34.4832795084308,25.0276614645444,2.30135537071873,2.35496260886988,2.42658156534938,0.127489457677889,0.00246483494883952,0.28627286655126,87,990,-106,113.855555555556,999.933333333333,-111.966666666667,0.91829583405449,0.91829583405449,0.91829583405449,224,152,107,338.119507490352,408.783333333333,3068.50837417642,343366.55,0,3422.66068158328,0,1360.51772053083,0,673.37679971141,2
730937,-67,904,-203,233,1104,-19,116,995,-126,109.5,999.98,-121.25,0,998.008598915059,-102.741756221041,127.160056621567,1000.97371593864,126.69313319987,4221.64646464646,2008.46424242424,1363.2196969697,64.9741984532819,44.8158927438051,36.9218051694347,2.77481464124512,2.42279904456787,3.28714009326897,-0.289766431189353,0.254261462119828,0.325265835464181,97,990,-116,110.744444444444,999.511111111111,-121.933333333333,0.945415365310838,0.945415365310838,0.945415365310838,300,200,184,338.68908012377,411.316666666667,4886.96360691017,344723.07,0.043241066709497,4983.47961626845,0,2258.07005280873,0,1338.47592390116,2
732500,0,866,-203,203,1142,0,116,1000,-106,114.55,998.45,-97.82,0,996.107865618021,0,124.413946163603,999.609858894959,109.787704229572,2380.93686868687,2340.87626262626,2509.68444444445,48.7948446937468,48.3826028922201,50.0967508371995,2.11613247909328,4.26783423390162,2.08448797557699,-0.0979220576462985,-0.029855059409067,0.146565560054103,77,1009,-135,115.133333333333,998.444444444444,-98.1666666666667,0.92159315967549,0.92159315967549,0.92159315967549,203,276,203,337.390760192845,403.606666666667,3146.12849980965,342250.68,0,2731.98757667619,0,2745.14989625187,0,2750.42628714906,2
734062,9,961,-194,203,1076,-67,106,1000,-126,110.48,1001.02,-130.85,90.9683574703164,1000.55278765076,-127.912600824575,115.551373855961,1001.25772905881,132.234753374444,1157.86828282828,480.807676767677,367.987373737374,34.0274636555281,21.9273271688019,19.1829969957088,3.92509575721673,4.67116377894367,4.82659612997195,0.0886603745651177,0.876728853046573,-0.26370276835474,97,1000,-126,110.2,999.711111111111,-130.544444444444,0.91829583405449,0.91829583405449,0.91829583405449,194,115,127,338.773692250871,414.116666666667,1301.77805416835,344451.73,0,1350.83836538216,0,536.604315628784,0,392.635964155704,2
735625,48,952,-165,165,1057,-97,106,1000,-126,107.09,1000.13,-126.67,99.2459773766649,999.621057013199,-124.788519224318,110.531850613296,1000.38487093718,127.614458428503,756.587777777777,515.023333333334,242.58696969697,27.5061407285315,22.6941255247549,15.5752036807539,2.30808711069467,2.61298143099269,2.53496249080671,-0.0494797498824096,0.111206774895463,-0.244006504645311,97,1009,-126,107.155555555556,999.988888888889,-126.533333333333,0.91829583405449,0.91829583405449,0.91829583405449,117,105,68,338.076378235271,411.296666666667,1060.00196733511,343090.876666667,0,862.707728990414,0,572.066402957611,0,203.883381338836,2
737187,0,914,-194,194,1104,-77,101.5,1000,-155,99.46,998,-151.55,0,997.334461230709,-147.542770204078,103.558968708654,998.334302726296,153.229142136866,840.574141414141,674.121212121212,516.936868686869,28.9926566808587,25.9638443247762,22.7362457034329,4.36764412200487,5.77148049896419,3.55262193573109,-0.323695863244443,0.303864753420174,0.676062718949135,116,990,-155,99.9888888888889,997.733333333333,-152.466666666667,0.92159315967549,0.92159315967549,0.92159315967549,194,190,117,338.320431579841,416.336666666667,1152.65396544438,343625.003333333,0,800.471832382737,0,707.562015597041,0,447.851203871471,2
738750,-9,942,-252,155,1104,9,67,1000,-135,69.99,1004.61,-131.89,54.6308221553738,1003.72765438249,-151.837497081256,78.6503019701768,1005.05755556585,135.143072334471,1300.27262626263,908.523131313132,877.452424242424,36.0592932024829,30.1417174579209,29.6218234456021,2.48781424377954,3.80536882440648,10.0938210505845,0.108159535439768,0.564681213353179,0.141464963272738,38,990,-145,69.8111111111111,1003.68888888889,-131.811111111111,0.92159315967549,0.92159315967549,0.92159315967549,164,162,261,338.874970061266,402.343333333333,1781.30519822061,344863.403333333,0,1410.16243381158,0,872.699610476253,0,465.423577298926,2
740312,-9,952,-174,135,1038,-87,58,1004.5,-135,63.23,1002.09,-136.72,45.6723492453409,1001.67676939653,-134.02671246543,70.1989316158017,1002.29479196492,137.934114706986,939.249595959596,414.628181818182,336.829898989899,30.6471792496405,20.3624208241108,18.3529261696847,2.49900680936977,2.62664173434847,2.86143254840234,0.0869281152901389,-0.401625391213623,0.463409813746648,48,1009,-145,63.0888888888889,1002.57777777778,-137.177777777778,0.92159315967549,0.92159315967549,0.92159315967549,144,86,87,337.986240628248,400.74,975.129902826088,342849.52,0,973.618836986488,0,444.596194711137,0,325.205002730124,2
741875,-19,961,-174,87,1057,-58,38,1000,-126,40.68,1005.57,-124.16,0,1005.1853890249,-120.910618401855,45.4420510100502,1005.7625415574,125.591560225996,414.260202020202,391.176868686869,361.145858585859,20.3533830608133,19.7781917446178,19.0038379962012,3.14964093977892,2.95789455426666,3.75385974374098,-0.285108859146645,0.105547882609683,0.216319439020286,38,1000,-126,41.0111111111111,1005.38888888889,-124.288888888889,0.934068055375491,0.934068055375491,0.934068055375491,106,96,116,338.126558697554,390.323333333333,548.791794963467,343132.17,0,419.642908469139,0,401.765219660699,0,334.588230672099,2
743437,-9,961,-145,126,1047,-97,67,1000,-121,59.66,1004.06,-119.23,0,1003.70547668714,-117.564783371847,65.1162038205545,1004.2375217049,120.049531444317,687.681212121212,360.117575757576,198.077878787879,26.2236765561431,18.9767641013313,14.0740143096374,3.09808472115402,2.42193077249643,2.10435310706168,-0.376692842963742,0.109252658280818,-0.0213583370340447,67,990,-126,60.2666666666667,1003.94444444444,-119.033333333333,0.927972814719956,0.927972814719956,0.927972814719956,135,86,48,337.770281415809,394.436666666667,734.108138650246,342381.67,0,746.968184011018,0,370.866888837895,0,144.542487546312,2
745000,-58,961,-155,106,1047,-58,48,1009,-106,47.09,1009.44,-106.46,0,1008.97374461066,-103.427391590894,55.4331128478277,1009.67204576536,107.911259838814,864.001919191919,473.25898989899,314.250909090909,29.3939095594975,21.7545165402265,17.7271235424958,3.76062932424037,2.22644931803234,3.28024425296373,-0.454822332096819,-0.185474019823773,-0.181195249517219,38,1000,-97,48,1009.6,-106.277777777778,0.937009825269208,0.937009825269208,0.937009825269208,164,86,97,338.899881814518,388.423333333333,871.668903274379,344718.436666667,0,799.309655651104,0,505.274227495049,0,237.218568367246,2
746562,38,961,-126,116,1038,-67,87,1009,-97,83.75,1005.29,-101.11,79.5388817148851,1004.92584757123,-99.1096270027413,85.5044443289353,1005.4708300095,102.032494823953,299.94696969697,367.278686868687,189.290808080808,17.318977155045,19.1645163484155,13.7582996071756,2.73153059533703,2.51604785187332,2.7597261190268,-0.348693948445086,-0.329205131417931,0.291278717157633,77,1009,-97,84.2777777777778,1005.82222222222,-101.4,0.91829583405449,0.91829583405449,0.91829583405449,78,77,59,338.019977656637,396.716666666667,405.414186168083,342897.743333333,0,305.086860120431,0,396.801834995846,0,123.968998656377,2
748125,38,961,-126,126,1047,-48,87,1009,-87,82.75,1008.17,-86.08,75.7878872013993,1007.81429462639,-82.2664066849577,85.7063008185513,1008.34661203378,88.0034090248781,503.037878787879,359.738484848485,338.215757575758,22.4285059419454,18.9667731796551,18.3906432072333,2.07234667176756,3.12967815285903,2.40036626512489,-0.173651464190714,-0.330062596931884,-0.375995169393676,87,1009,-87,83.1666666666667,1008.51111111111,-85.7555555555556,0.91829583405449,0.91829583405449,0.91829583405449,88,86,78,338.544572373408,392.333333333333,597.826918722636,343951.02,0,541.925804573642,0,362.319700905318,0,278.967205553387,2
749687,29,980,-116,97,1047,-48,58,1009,-77,61.57,1012.45,-80.27,57.24518236776,1012.25462828362,-77.0736721259672,63.6739350126879,1012.54739642152,81.7631335015972,266.166767676768,199.219696969697,244.380909090909,16.3146182203804,14.1145207842738,15.6326871999317,2.32072944830492,2.99750701513119,2.20137533487076,0.293734619374578,-0.182950028985961,0.0485491725056505,58,1019,-87,61.1222222222222,1012.52222222222,-80.3,0.91829583405449,0.91829583405449,0.91829583405449,68,67,68,339.247481310251,384.763333333333,327.879835498349,345330.603333333,0,245.812833726952,0,171.20947749349,0,176.859113452346,1
751250,38,971,-126,106,1047,-67,77,1009,-97,74.56,1007.89,-97.48,70.6691875479776,1007.66906732974,-95.5943216546462,76.2578520547229,1008.000203373,98.4019308753644,258.652929292929,224.401919191919,182.413737373738,16.082690362403,14.9800507072546,13.5060629857016,2.54124313101813,2.6088954601363,2.0679668966168,-0.172981320091321,-0.133833409552068,-0.0252677028983533,67,1019,-87,74.8222222222222,1007.98888888889,-97.4777777777778,0.91829583405449,0.91829583405449,0.91829583405449,68,76,59,338.516456417535,393.31,338.035487122931,343854.203333333,0,218.413797808181,0,174.903892500398,0,92.7707430157241,1
752812,38,952,-116,116,1047,-58,77,1009,-87,79.71,1006.48,-89.52,75.5781781194944,1006.15929047258,-87.6930400217275,81.4246277240492,1006.63970714452,90.3919244180585,279.076666666667,324.757171717171,158.454141414141,16.7055878874904,18.0210202740347,12.5878569031484,2.9134342794047,3.02956638944012,2.8055873316366,-0.318374347048311,-0.186259352942549,0.0135982336060819,87,1009,-87,80.2333333333333,1006.62222222222,-89.6111111111111,0.91829583405449,0.91829583405449,0.91829583405449,78,95,58,337.938200443916,391.903333333333,385.444951225652,342708.056666667,0,243.920564786192,0,305.375804223613,0,104.846607515856,1
754375,48,971,-116,116,1038,-58,87,1009,-87,85.43,1008.24,-83.87,82.9486649656904,1008.02169679694,-81.9664848346945,86.5468081444948,1008.34878886227,84.7989976355853,194.005151515152,221.598383838384,158.275858585859,13.9285732045731,14.8861809688847,12.5807733699427,2.7335303742278,2.63262114360988,2.61195224474905,-0.264962780290294,-0.199104418872961,-0.108329907105146,97,1009,-87,85.6111111111111,1008.36666666667,-83.6555555555556,0.91829583405449,0.91829583405449,0.91829583405449,68,67,58,338.499766267447,392.513333333333,263.941315061259,343816.166666667,0,186.866850919533,0,198.675951487416,0,110.772265706579,1
755937,29,961,-116,116,1066,-48,77,1009,-87,74.61,1009.19,-88.88,70.1694437876968,1008.76627954667,-86.4950408840797,76.7121242047175,1009.40131266013,89.9359772282483,321.311010101011,430.862525252525,190.732929292929,17.9251502113932,20.7572282651737,13.8106093020159,2.74198646339638,2.94109878093063,2.83590816157637,0.322521439821235,-0.0816682731500167,0.415165815649505,77,1019,-97,74.3333333333333,1009.33333333333,-89.0111111111111,0.91829583405449,0.91829583405449,0.91829583405449,87,105,68,338.696991007216,390.893333333333,448.465970712561,344288.08,0,316.379246020742,0,483.677158397263,0,143.900904624454,1
757500,29,971,-126,126,1038,-48,77,1009,-87,79.94,1008.08,-86.5,75.7630162281129,1007.84792427111,-83.9159907631315,81.8281125286414,1008.19593333836,87.6386900860573,308.521616161616,236.114747474748,200.292929292929,17.5647834077627,15.3660257540702,14.1524884487828,2.81540415841977,2.49665024480245,3.70922566774913,0.149069683275461,-0.032883603699393,0.237208236367626,67,1000,-97,79.7,1008.07777777778,-86.5555555555556,0.91829583405449,0.91829583405449,0.91829583405449,97,67,78,338.395687407949,391.506666666667,348.152469019512,343611.806666667,0,301.654079810149,0,213.154329294999,0,162.985039246834,1
759062,9,923,-155,213,1085,-9,97,1009,-77,101.41,1007.15,-76.49,75.1406279617892,1006.4006012834,-54.2433419459035,109.754407656367,1007.52199479714,84.0636068700362,1779.8403030303,757.017676767676,1228.25242424242,42.1881535864074,27.5139542190445,35.0464324039184,2.79547106527125,3.72362074838751,2.58402782901959,0.482398253671847,-0.185505804428879,-0.276016539783346,106,1009,-67,100.433333333333,1007.26666666667,-75.7666666666667,0.91829583405449,0.91829583405449,0.91829583405449,204,162,146,338.882634583738,395.016666666667,1937.25529210053,344737.763333333,0,2040.9815239044,0,838.120029606155,0,1342.10674663739,1
760625,-29,952,-184,223,1076,-9,126,1000,-97,123.96,1003.26,-90.55,0,1002.6933211947,-68.9656312312729,139.008776701329,1003.5424953633,97.719547686223,3997.33171717172,572.638787878788,1363.44191919192,63.2244550563444,23.929872291318,36.9248144097153,1.98662684742811,3.34876526370846,2.204864361964,-0.258599871216634,-0.0646303294639723,0.0663346517357592,67,1000,-106,125.366666666667,1003.34444444444,-90.4,0.92481870497303,0.92481870497303,0.92481870497303,252,124,175,339.18853559448,406.116666666667,4227.09511685585,345323.363333333,0.11642857360256,4695.68762225107,0,606.59498163047,0,1510.8225031205,1
762187,-29,876,-223,252,1180,38,116,1009,-106,117.73,1003.15,-102.91,0,1000.54806064886,0,132.555610971396,1004.47258300065,116.951058139719,3748.11828282828,2682.06818181818,3118.26454545455,61.2218774853261,51.7886877784925,55.8414232040566,2.07779275757511,4.24969138128401,2.75569081426236,-0.186994859853597,0.485026852788416,0.107616721821124,184,1019,-116,118.777777777778,1001.44444444444,-103.255555555556,0.91829583405449,0.91829583405449,0.91829583405449,281,304,261,339.612521966635,408.63,5340.25884711882,346737.903333333,0.157880696665177,4394.69711222886,0,3153.12909608691,0,3111.86966454765,1
763750,-106,895,-233,262,1142,9,111,1000,-126,107.35,995.82,-115.94,0,993.536750267394,-75.9407406839745,137.084535962303,996.957942944435,129.340867478149,7341.56313131313,2290.57333333333,3320.17818181818,85.6829220516733,47.859934531227,57.6209873381061,2.38794310567488,2.74679704269166,2.15461440065558,-0.278806239068728,0.0249298629633912,0.212960364734636,-9,1009,-145,109.455555555556,995.622222222222,-116.344444444444,0.960362270315478,0.960362270315478,0.960362270315478,368,247,242,337.852416108241,409.163333333333,7492.52806068738,343148.79,0.0515946669708032,8714.38599520821,0,2585.98376638819,0,3690.1135836054,1
765312,-58,771,-223,339,1266,19,87,1000,-97,96.24,1003.72,-94.33,0,996.538342640456,0,127.17892907239,1007.35391000383,109.768711388993,6982.16404040404,7381.8804040404,3182.8495959596,83.5593444230149,85.9178701088452,56.4167492501969,3.20144204718907,4.41625748348499,2.13430796578444,0.589373202152727,0.436668966233303,0.04155679928881,29,990,-155,93.6666666666667,1000.88888888889,-94.3444444444444,0.937009825269208,0.937009825269208,0.937009825269208,397,495,242,339.24595690655,400.51,8420.12955807064,347661.85,0.0925380064449682,8138.79863236173,0.531846903517447,8324.34322805805,0,2832.45525203296,1
766875,-135,733,-252,310,1276,38,77,1000,-135,73,998.9,-121.46,0,992.083223240912,0,121.366469834135,1002.27030286246,136.303264817832,9495.77777777778,6812.67676767676,3864.69535353536,97.4462814979503,82.5389409168591,62.1666739783894,2.51085714031264,4.89108380793531,2.34504477427536,0.152913449281963,0.211912725708086,0.402795580646059,87,1000,-145,72.3666666666667,997.655555555556,-122.688888888889,0.981453895033654,0.981453895033654,0.981453895033654,445,543,290,338.505589224615,406.24,10156.05344653,345951.386666667,0.138373219731088,11148.5245132523,0.367952998643675,7868.21552862839,0,3107.85789470356,1
768437,-184,828,-223,291,1285,-29,67,1019,-97,63.22,1015.06,-106.41,0,1010.74468662679,-87.8226165249611,101.819251617756,1017.29125622901,115.544839780927,6434.73898989899,4580.50141414142,2048.00191919192,80.2168248555064,67.6794016975728,45.2548552002094,3.56569557800028,5.61051643870257,2.15510025332373,-0.261062485513007,0.783257104765517,-0.464426294181394,87,1019,-58,64.8333333333333,1012.34444444444,-104.911111111111,0.978217665935425,0.978217665935425,0.978217665935425,475,457,194,342.211477772559,401.61,7608.41779049121,352866.423333333,1.31863228444104,7381.6257716771,0.956901595388677,5291.51665385465,0,2011.07306557659,1
770000,-106,838,-233,242,1190,-19,48,1000,-165,50.22,998.59,-145.5,0,993.762897299982,-112.003052138121,87.7917991614251,1001.02369102834,154.443063942671,5237.72888888889,4915.59787878788,2709.50505050505,72.372155480467,70.111324896823,52.0529062637722,3.02862284321778,3.15116987158819,2.42484548267264,0.328873691361847,0.279130792877551,0.575884894592439,67,1000,-174,48.6777777777778,997.322222222222,-147.366666666667,0.982973228491819,0.982973228491819,0.982973228491819,348,352,214,338.120572858583,404.496666666667,6348.46657204329,344536.163333333,0.176797759661333,6059.58671493861,0.178631034836235,5741.85977467555,0,2183.24292632611,1
771562,-67,895,-233,184,1161,-29,58,1014,-121,57.06,1003.5,-128.92,0,1000.2971663524,-103.560965131151,85.2134965835812,1005.10267137243,138.624961677181,4045.95595959596,3251.64646464646,2622.74101010101,63.6078293891244,57.0232098767376,51.2127036007767,2.10306497560278,2.86418794093511,1.99011758083606,0.037382514396616,0.128266203760532,-0.0405366740589948,38,1038,-97,56.8,1002.35555555556,-129.055555555556,0.976500468757824,0.976500468757824,0.976500468757824,251,266,204,338.887366434763,400.573333333333,4910.01818578754,345569.866666667,0.134650543122622,4670.43813134997,0,3786.48315540627,0,2489.04111266066,1
773125,-87,857,-233,281,1209,-48,58,1009,-155,58.37,1003.34,-146.98,0,998.802205021271,-129.550301737792,86.9023014654963,1005.61595054971,153.527456827761,4186.82131313131,4618.46909090909,1987.43393939394,64.7056513229819,67.9593193823267,44.5806453451937,4.11259496393781,2.95162856907881,2.09346535314536,0.542411869004014,0.18688759232386,0.453151594779041,67,1038,-184,56.3222222222222,1002.27777777778,-148.066666666667,0.964799548505087,0.964799548505087,0.964799548505087,368,352,185,339.586444564582,406.283333333333,4673.91099790779,347462.043333333,0.0868306680976037,4730.67585271395,0.296891842582451,5460.14060726011,0,2050.8100403179,1
774687,-29,847,-223,203,1219,-19,67,1000,-92,74.5,1008.72,-108.02,0,1004.53529413667,-80.1467403909452,90.4303046550215,1010.86409571218,119.854745421281,2653.92929292929,4373.92080808081,2724.0804040404,51.5163012349421,66.1356243493687,52.1927236694963,2.75386768940402,3.79731404984345,1.990048379425,0.314623104606198,0.55570063778865,-0.351322093929487,58,1047,-67,73.2888888888889,1006.46666666667,-106.911111111111,0.950672092687066,0.950672092687066,0.950672092687066,232,372,204,339.96920611938,397.706666666667,4789.1989188352,348129.673333333,0,3017.69903340826,0.380948451066981,5162.08583319715,0,2632.3926359685,1
776250,-38,885,-233,213,1257,-29,87,990,-145,82.75,999.3,-143.42,0,994.965109547287,-119.693236117811,95.8990615178272,1001.62646730206,151.615368614135,2372.79545454545,4702.11111111111,2442.34707070707,48.7113483137703,68.5719411356505,49.4201079592818,2.84345171525488,5.71486465152532,2.18809815322516,-0.00890232695062476,1.2863215758502,0.333029254406115,77,990,-145,82.8888888888889,993.455555555556,-144.622222222222,0.937009825269208,0.937009825269208,0.937009825269208,251,372,204,338.469252313243,408.996666666667,4944.63718996849,345146.476666667,0,2598.04549672609,0.551455670832624,5484.35940424065,0,2416.71101698325,1
777812,-48,866,-252,203,1142,-38,77,1000,-126,74.18,1001.45,-126.69,0,998.127229294379,-103.989555233383,93.1169157564833,1003.10877276594,136.319367662853,3200.08848484848,3358.69444444445,2558.19585858586,56.5693245924722,57.9542444040507,50.578610682638,2.40176881936413,3.05126814106463,2.28400106400279,0.0511203272934794,0.105025440212342,-0.225557535271484,29,990,-126,74.1111111111111,1001.23333333333,-125.722222222222,0.950672092687066,0.950672092687066,0.950672092687066,251,276,214,338.36057908318,402.033333333333,3787.04926131602,344493.646666667,0,3643.72714150385,0,3909.80309223115,0,2624.25472897668,1
779375,-97,885,-252,223,1228,-29,67,1000,-145,76.19,999.41,-144.94,0,995.292764463482,-111.597674117283,98.523448985508,1001.55522563661,156.100992950077,3941.36757575757,4335.88070707071,3393.85494949495,62.7803120074883,65.847404710214,58.256801744474,3.08944550799221,4.55818427184323,1.95401864943148,-0.0617671107528673,0.831763671926489,0.290312865972995,58,1028,-203,76.5777777777778,995.7,-145.788888888889,0.950672092687066,0.950672092687066,0.950672092687066,320,343,223,338.807516683983,409.153333333333,5369.84466326323,345729.086666667,0.160169764610262,4430.58331230142,0.233667099587062,5100.12384921995,0,3215.1587204184,1
780937,-77,847,-252,233,1314,29,101.5,995,-126,94.03,1003.87,-124.93,0,997.622256227579,0,115.818521834808,1007.06573271063,140.006964112504,4618.47383838384,6491.32636363636,4034.79303030303,67.9593543111163,80.5687679168322,63.520020704523,2.70331273405194,4.52274370389989,2.14957754807518,-0.351973282676858,0.539656774816687,0.129143898966685,106,980,-184,96.2777777777778,1002.03333333333,-125.466666666667,0.939881438037007,0.939881438037007,0.939881438037007,310,467,281,340.120379802297,410.036666666667,6863.43242046556,349065.756666667,0.11489041728154,5193.07834514423,0.946726666366596,7671.5396658918,0.268655990501652,4257.52165076268,1
782500,-48,800,-242,242,1257,9,87,1009,-116,87.06,1006.8,-113.22,0,1001.26938136372,0,109.362059234453,1009.50979192874,128.124314632313,4424.86505050505,5518.9696969697,3633.40565656565,66.519659127998,74.2897684541397,60.2777376530146,2.23854114359564,4.12759218157622,2.13884358188548,0.0952775256756026,-0.0314363440666969,-0.0332702262978457,97,1009,-165,86.6111111111111,1007.58888888889,-113.2,0.9580420222263,0.9580420222263,0.9580420222263,290,457,251,340.348755340748,403.68,5993.71846423338,349161.973333333,0.133844804580694,5052.48617130942,0.586216687384908,6507.43153221842,0,3770.28921571021,1
784062,-38,847,-310,213,1142,-48,62.5,1009,-145,65.14,1000.09,-144.93,0,996.827214253586,-122.945141630078,85.7684091026527,1001.67760781601,153.469182574222,3144.44484848485,3210.12313131313,2573.82333333333,56.075349740192,56.6579485272202,50.7328624594881,2.67137349545847,2.95776645251479,3.03708386311474,0.47055775076192,-0.358041763142511,-0.0352092912769228,38,980,-184,63.2,1001.54444444444,-144.255555555556,0.9556537346562,0.9556537346562,0.9556537346562,251,295,262,338.492909845242,404.52,3491.4312384862,344755.68,0,3652.55406232147,0,3497.93075433788,0,1976.62700704061,1
785625,-58,847,-223,213,1200,-19,72,1000,-101.5,72.67,1007.62,-113,0,1004.52584326438,-86.4088372240505,90.7345028090197,1009.19538247061,124.133315431434,2981.63747474748,3209.34909090909,2666.74747474747,54.604372304308,56.6511172962113,51.6405603643829,2.91283372007703,4.11279414404577,1.97136212752821,0.197139371922833,0.500183618431146,-0.293515704211601,48,1009,-87,72.0222222222222,1005.96666666667,-112.344444444444,0.945415365310838,0.945415365310838,0.945415365310838,271,353,204,339.779681607903,398.976666666667,3772.40508332918,347372.383333333,0,3407.45891784937,0,3656.38822054804,0,2233.30853365526,1
787187,-97,857,-213,242,1114,-29,62.5,1009,-135,65.69,1002.05,-132.35,0,999.227032461259,-111.539932900863,94.6280613771623,1003.41459526957,139.636778822773,4686.15545454546,2764.2904040404,2001.92676767677,68.4554998122536,52.576519512425,44.7428962817202,2.91279145199575,3.2950863035397,2.2553939239797,0.0559066441061341,-0.514416232435381,0.207595431574727,29,990,-97,65.6555555555556,1003.92222222222,-133.2,0.964799548505087,0.964799548505087,0.964799548505087,339,257,184,338.774928757716,404.176666666667,5629.20815139243,345097.916666667,0.0874068644830774,5481.79919443774,0,3183.16465339444,0,1661.63837575628,1
788750,-87,876,-242,203,1247,-19,62.5,1000,-106,69.44,1005.46,-111.77,0,1002.17680175626,-79.8702700092403,91.6116804779827,1007.18948564806,124.911288521094,3606.85494949495,3516.00848484849,3141.71424242424,60.0570974115046,59.2959398681603,56.0509968013437,2.57687375748485,6.64944013456455,2.25624919497983,0.010804474269373,1.1630017442451,-0.359610680315139,58,1000,-155,69.1777777777778,1002.1,-110,0.960362270315478,0.960362270315478,0.960362270315478,290,371,223,339.138904174076,397.663333333333,5277.1321857365,346142.063333333,0.118095801402668,4255.4812694241,0,4078.23442022858,0,3087.8536267797,1
790312,-116,847,-242,233,1161,-29,67,1000,-130.5,69.34,1000.27,-128.9,0,996.070798861187,-104.031951039698,92.92039603876,1002.34034638939,138.265758595539,3864.81252525253,4187.97686868687,2527.48484848485,62.1676163710056,64.7145800317585,50.2740971921411,4.03884197225087,3.12256072034616,2.3261722106743,-0.329510232494705,-0.064345271783643,-0.0184130508994308,67,1019,-116,70.3555555555556,1000.57777777778,-128.4,0.953197172543056,0.953197172543056,0.953197172543056,349,314,213,338.019952851756,402.716666666667,4331.18294673616,344145.93,0.10467398141044,4534.0284149524,0.258119988697903,4791.20571519905,0,2243.88597757528,1
791875,-116,800,-233,242,1161,-9,87,1009,-116,85.4,1008.71,-113.98,0,1003.33637075553,-77.3413980504682,105.659074385497,1011.26573658955,125.838547353345,3909.77777777778,5214.67262626263,2872.62585858586,62.5282158531473,72.2126902023642,53.5968829185603,3.63970431817221,3.73537755619009,2.21387416285298,-0.352389487134051,-0.480840672830698,-0.0653525402677768,58,1009,-155,87.3333333333333,1011.01111111111,-113.311111111111,0.942683189255492,0.942683189255492,0.942683189255492,358,361,224,340.726106166551,404.943333333333,5588.32836929772,349885.856666667,0.157317504806297,4578.68552963337,0.240164623442841,6137.84725243494,0,3188.27725230998,1
793437,-87,895,-233,242,1171,0,82,1009,-126,82.82,1003.93,-127.52,0,1001.47099982392,0,105.837894914818,1005.18501282102,139.396269677492,4386.37131313131,2546.93444444445,3201.9894949495,66.2296860413162,50.4671620407216,56.5861245797015,2.92226502547428,4.612869105871,2.22551654039016,0.134779376702383,0.584766834131253,0.190228336406324,48,1009,-184,81.8888888888889,1002.08888888889,-128.455555555556,0.948078243593905,0.948078243593905,0.948078243593905,329,276,233,339.709471892688,406.67,5436.10545464388,347009.963333333,0.092091529731607,5129.00944288297,0,2921.62708781482,0,3352.50326895368,1
795000,-87,828,-252,262,1190,-9,62.5,1009,-140,70.99,998.76,-139.7,0,994.150883265898,-94.8957207156302,103.911837631715,1000.99464534032,149.122768214649,5816.25242424243,4513.88121212121,2749,76.2643588069973,67.1854241046465,52.4309069156733,2.55953392065087,3.22899659841219,2.49683102966391,0.187793233367361,-0.292484130412557,0.294652316842927,38,1047,-174,69.5888888888889,1000.37777777778,-141.266666666667,0.970950594454669,0.970950594454669,0.970950594454669,349,362,243,338.456985641669,407.736666666667,7113.02184415768,345008.516666667,0.0421654106481507,6854.78041420807,0.219247911533863,5295.71292769442,0,2588.37861700839,1
796562,-97,866,-233,281,1200,9,67,1000,-116,73.64,1008.66,-120.57,0,1004.91680222959,-93.1023487183415,105.882293137238,1010.55449135611,132.876295854453,5846.67717171717,3864.02464646465,3150.49,76.4635676104455,62.1612793181145,56.1292258988132,2.43331132129837,3.21620856314743,2.29823014498654,0.115123784842617,0.341397231846987,0.0102360246586308,67,990,-184,73.3,1007.46666666667,-120.611111111111,0.970950594454669,0.970950594454669,0.970950594454669,378,334,242,341.010393179867,405.29,6615.58496501599,350029.183333333,0.228610426733932,6648.89737954107,0.691596076765217,4331.21646765171,0,3163.75708363202,1
798125,-77,790,-252,281,1219,-9,87,1009,-126,82.59,998.19,-127.39,0,991.549337168646,-90.6817367380804,111.995758848271,1001.35504692392,139.507741720666,5779.7392929293,6392.57969696969,3266.86656565657,76.0245966311515,79.9536096556603,57.1565093900648,2.70785726283606,3.56813636934524,2.05096688841274,0.135761115558337,-0.374494738118939,-0.0839188525692569,116,1009,-87,81.9555555555555,999.833333333333,-126.822222222222,0.968967292510196,0.968967292510196,0.968967292510196,358,429,243,338.135895535337,405.836666666667,8141.52500024342,344905.796666667,0.0790373718120444,6709.42487855252,0.54104616723393,7481.94881754521,0,3557.47028214948,1
799687,-106,828,-271,281,1142,-9,77,1019,-155,72.09,998.25,-155.99,0,993.63744789675,-118.972402211464,118.386865825564,1000.49834082821,165.107328728921,8907.55747474747,4539.2601010101,2957.12111111111,94.3798573571049,67.374031354893,54.3794180836014,2.3514490409665,2.63797302372466,2.70403131050382,0.150680730519564,-0.251666932134174,0.109640733745389,-58,1019,-184,70.7,998.744444444444,-156.555555555556,0.984426897800011,0.984426897800011,0.984426897800011,387,314,262,339.657422745588,416.783333333333,9935.07425029609,347424.27,0.087004767847179,10374.0619207354,0.274769581900142,5401.81147689074,0,3291.47566294472,1
801250,-97,838,-300,242,1200,0,97,1000,-135,95.51,999.74,-137.68,0,994.496343571909,0,121.408113402688,1002.37322390415,150.059254962831,5674.51505050505,5325.26505050505,3597.97737373737,75.3293770749835,72.9744136701697,59.9831424129928,2.64177784786342,2.91766755455047,2.56344738957746,-0.344973361781285,0.209683948325563,0.0384668831690426,87,1047,-116,97.8333333333333,998.166666666667,-138.011111111111,0.9556537346562,0.9556537346562,0.9556537346562,339,362,300,339.463278211069,413.87,6914.2601650808,347336.596666667,0.256178061940434,6601.71215943917,0.664976560458232,6256.41072428001,0,4047.87042517421,1
802812,-19,819,-262,252,1209,38,97,1000,-135,100.02,997.78,-129.31,82.3069511629395,991.765588148595,-86.7802814988997,118.790319470906,1000.72448755889,143.209811116418,4148.62585858586,5944.01171717172,3826.23626262626,64.4098273447916,77.0974170590151,61.8565781677767,2.30341536605881,2.92445771542963,2.56964853257222,0.338670922301354,-0.106189828578785,0.0551135912166162,48,1057,-67,98.5222222222222,998.211111111111,-129.466666666667,0.927972814719956,0.927972814719956,0.927972814719956,271,390,300,338.419121953157,409.663333333333,6572.64224714587,345356.563333333,0.331904183156966,4647.86686095869,0.748418967719403,6893.04641894315,0.151175611735103,4170.5750881829,1
804375,-126,800,-233,281,1209,9,87,1000,-126,81.31,998.53,-126.56,0,991.834644800282,-97.0180534152584,121.216294284226,1001.87254179362,139.259829096549,8163.71101010101,6753.96878787878,3409.96606060606,90.3532567763941,82.1825333503341,58.394914681041,2.4941456526926,3.21364151451903,2.19427244889452,-0.13662807774056,0.178553233139386,0.114722161049,-9,1047,-145,82.3666666666667,997.155555555556,-127.044444444444,0.976500468757824,0.976500468757824,0.976500468757824,407,409,242,338.541143435208,408.453333333333,8794.02762609217,345945.093333333,0.21900821951985,9628.01822374404,0.30314930021796,7863.59169545306,0,3489.61973296138,1
805937,-155,847,-223,291,1171,29,87,1000,-126,88.95,1001.15,-117.87,235.264957169939,996.316237688517,0,142.19792544197,1003.5726730038,132.53335429242,12432.4722222222,4905.84595959596,3708.84151515152,111.500996507754,70.0417444071459,60.9002587445367,2.02357216310836,2.21896785960119,2.35615431772195,-0.187133150131058,0.135535337030939,0.38447966809663,67,952,-155,90.2,1000.71111111111,-119.233333333333,0.978217665935425,0.978217665935425,0.978217665935425,446,324,252,340.047681651751,413.123333333333,13110.6905546299,348314.483333333,0.0653601540195456,14715.7327029621,0.367759586721835,5707.15110259674,0,3332.99699726607,1
807500,-106,761,-281,368,1228,38,116,1019,-126,122.09,999.33,-126.45,0,988.393357958628,-86.7521181647471,149.329668853848,1004.46046711655,140.466757633256,7468.06252525252,10384.2233333333,3779.09848484849,86.4179525634143,101.903009441985,61.4743725860499,3.11674745186211,2.73863032764075,2.72280506584534,0.111640040435014,-0.422977587537267,0.138062558125079,116,1019,-194,121.211111111111,1001.97777777778,-126.288888888889,0.939881438037007,0.939881438037007,0.939881438037007,474,467,319,339.954927145306,417.876666666667,11497.0214075728,350323.696666667,0.242771499869922,8759.38903850794,0.267643096555813,12387.5365617745,0.241058125959648,4185.32526588702,2
809062,-106,828,-271,388,1219,19,145,1000,-87,146.24,1007.02,-91.54,138.477420052735,1000.57879696729,0,163.464063328916,1010.24574238153,106.164777586542,5388.24484848485,6572.90868686869,2920.59434343434,73.4046650321684,81.0734770863362,54.0425234739677,5.30772678271692,2.80650285179225,4.24303400688364,0.16259610145546,0.183720760999456,-0.620740289011315,155,990,-97,145.455555555556,1006.7,-89.6444444444444,0.91829583405449,0.91829583405449,0.91829583405449,494,391,290,341.880816002842,416.266666666667,6739.55058209247,352862.64,0.377010510557418,6314.74789598289,0.191491465031307,7603.12339568723,0,2597.0485705067,2
810625,-87,819,-184,407,1238,106,160,990,-58,165.26,993.53,-44.21,0,984.498491326435,0,196.261967787954,998.138302040354,75.6742360384299,11321.1034343434,9270.91828282828,3810.16757575758,106.400674031434,96.2856078696514,61.7265548670714,2.58620313110867,2.73091020314909,2.64931181099577,0.108332931762989,0.386821548313761,0.236941138040709,126,933,-67,164.544444444444,991.044444444444,-44.9,0.864376343848461,0.864376343848461,0.864376343848461,494,419,290,338.468949200444,409.046666666667,11607.4813740119,346841.806666667,0.644388208699604,12324.6191582934,1.04521899105393,10841.017172161,0,3289.77484823726,2
812187,29,904,-203,194,1104,-29,106,1000,-116,112,1002.96,-113.98,97.3919621296851,1001.3115494135,-98.4230408501606,117.77164344612,1003.77989619239,120.082138555241,1339.55555555556,1661.93777777778,1442.70666666667,36.5999392834955,40.7668710815262,37.9829786439488,2.44420849222809,2.9013207812074,2.84164198529993,-0.00602061385218437,-0.0422195812227193,-0.110775401850303,106,1000,-135,111.877777777778,1003.04444444444,-113.533333333333,0.91829583405449,0.91829583405449,0.91829583405449,165,200,174,338.985866738279,409.646666666667,1708.86133936917,345287.986666667,0,1303.57565961849,0,1899.16272787114,0,1208.33260212493,2
813750,-19,923,-203,242,1066,-48,97,1009,-126,98.56,1000.56,-125.72,87.4084408202052,999.431941443021,-113.589851855777,114.075325991206,1001.11903388159,130.804892874846,3332.43070707071,1130.3094949495,1317.57737373737,57.72720941697,33.6200757725127,36.2984486409182,2.54934205861834,2.11032489303306,2.61086408304815,0.165470549896491,-0.220926893526687,-0.0188293646986935,97,1019,-126,97.7555555555556,1001,-125.711111111111,0.931055823385033,0.931055823385033,0.931055823385033,261,143,155,338.517966629539,408.586666666667,3526.18660108652,344120.806666667,0,3550.16102503686,0,1250.31878965881,0,1189.38851543271,2
815312,-9,933,-203,213,1066,9,97,1000,-135,97.9,1001.97,-126.36,0,1001.21472662479,-132.535598322509,110.804061297409,1002.34826781912,132.426507920431,2720.33333333333,765.827373737373,1585.78828282828,52.1568148311736,27.6735862102723,39.8219572952948,2.17396120061606,2.63295376108765,3.05085369989033,0.0190838655990165,0.112368046996527,0.473637650347995,48,990,-135,98.1222222222222,1001.7,-127.5,0.92481870497303,0.92481870497303,0.92481870497303,222,133,212,338.915703624526,408.923333333333,3429.26378831809,344838.79,0,2974.96399529607,0,786.256977404797,0,1513.84729956213,2
816875,-38,933,-213,262,1057,-29,97,1009,-116,95.82,1004.94,-119.9,76.5592896070092,1004.28500547919,-104.253114989247,111.175356981662,1005.2635773766,125.545210979949,3210.59353535354,657.026666666667,1399.58585858586,56.6620996377079,25.6325314135508,37.4110392609703,3.42216949681592,2.63300505297423,3.09895292897479,0.385220966770341,-0.427970456173867,-0.0129911417991631,48,1000,-116,94.5111111111111,1005.65555555556,-120,0.927972814719956,0.927972814719956,0.927972814719956,300,124,184,339.61040360731,407.586666666667,3245.53698078478,346225.473333333,0,3604.9599271637,0,700.976925188393,0,1247.82394124258,2
818437,-38,914,-223,252,1114,-29,87,1000,-116,89.41,1000.62,-118.31,0,999.249741403916,-96.6949069014893,104.510908521551,1001.30341056046,126.557694353208,2957.96151515152,1381.95515151515,2039.99383838384,54.3871447600581,37.1746573826196,45.1662909522559,2.6640211552971,3.43113501866315,2.34266591078644,0.236810408792188,0.0302343335040047,-0.0912649580261116,38,990,-97,88.9111111111111,1000.63333333333,-118.233333333333,0.931055823385033,0.931055823385033,0.931055823385033,290,200,194,338.001541865934,403.093333333333,3026.80920518126,343182.633333333,0,3317.73104995895,0,1480.64748317047,0,1683.05436887059,2
820000,-67,895,-213,203,1133,0,87,1009,-140,83.24,1004,-132.46,0,1002.08253425081,0,106.730689119859,1004.96621833771,140.691932959925,4507.61858585859,1960.70707070707,2271.28121212121,67.1388008967883,44.2798720719366,47.657960637455,2.15817477996948,3.99446163896968,3.50434789497035,-0.139253806281385,0.313428233091385,0.874683592178123,106,1009,-155,84.0666666666667,1003.23333333333,-135.366666666667,0.9556537346562,0.9556537346562,0.9556537346562,270,238,213,339.818170157285,408.653333333333,4751.19595950954,347047.586666667,0.0641568669091298,4909.16116022191,0,2228.14035920583,0,1897.60347782257,1
821562,-58,876,-233,252,1114,-19,97,1009,-126,95.06,1001.29,-129.12,0,998.634631508785,-100.10674483843,119.792737676372,1002.60652800588,138.282898436502,5367.57212121212,2664.83424242424,2474.93494949495,73.2637162667314,51.6220325289914,49.7487180688603,2.07495895731856,2.83842205629617,2.41215321205305,0.0758584007174258,-0.0566726475744891,0.0788987791335515,48,1009,-155,94.5111111111111,1001.47777777778,-129.488888888889,0.9556537346562,0.9556537346562,0.9556537346562,310,238,214,339.299752073815,409.69,5479.64847724911,346230.77,0.109983942171172,6258.04292940118,0,3010.38375390097,0,2175.62716895195,1
823125,-48,828,-252,252,1152,19,87,1000,-135,89.47,1000.82,-134.05,0,997.211159397316,-95.7728237900726,110.302901140451,1002.56616739246,145.730470389689,4203.88797979798,3533.58343434343,3300.97727272727,64.8373964606691,59.4439520417631,57.4541319029996,2.19166182631371,3.54210898268315,2.47370303414334,0.0473353889485826,-0.388280741009053,0.296075195708506,135,1000,-106,89.5888888888889,1002.23333333333,-135.6,0.939881438037007,0.939881438037007,0.939881438037007,300,324,271,339.196146591857,409.26,5498.82493604865,346181.006666667,0.212975828088523,4882.50244713904,0,4091.00691136025,0,2923.0731754016,1
824687,-77,838,-252,252,1200,0,58,1004.5,-135,64.99,1000.77,-130.99,0,997.364999356579,0,92.707011601065,1002.49498253108,140.451379487707,4415.0403030303,3490.50212121212,2594.15141414141,66.4457696398371,59.0804715723573,50.9328127452373,2.91060563473864,4.50846296543355,3.04080484525542,0.278501360654823,0.431061046939085,0.528694660052843,29,1019,-155,64.0111111111111,999.122222222222,-132.855555555556,0.960362270315478,0.960362270315478,0.960362270315478,329,362,252,338.300091672098,402.25,4881.07351558636,344439.123333333,0.135336782437698,4998.11055907576,0,4095.9583601613,0,2431.95113761638,1
826250,-126,895,-233,194,1123,-19,67,1009,-126,65.56,1008.17,-123.07,0,1006.13308945098,-96.622805869172,89.2664550657188,1009.16736471212,132.576657070542,3707.46101010101,2032.34454545454,2454.89404040404,60.8889235419794,45.0815321994999,49.546887292786,3.08492354233665,2.95373055657635,2.39322526689473,-0.31503394503925,-0.375057086822619,-0.0906586746951124,97,1038,-126,66.5888888888889,1008.7,-122.555555555556,0.962614705998252,0.962614705998252,0.962614705998252,320,228,214,340.278536258127,402.38,4296.08455311264,347987.946666667,0.162634438143668,4140.84523660641,0,2298.22372373335,0,2008.95006699052,1
827812,-106,809,-223,213,1180,-19,67,1009,-116,70.93,1001.5,-124.08,0,996.108304418782,-100.006769364659,95.5438642718621,1004.1197040194,133.192942755988,4138.95464646465,5307.20202020202,2368.19555555556,64.3347079457477,72.8505457783401,48.6641095218597,3.20302030535265,3.24508355494147,2.03648664044098,-0.011867514520148,-0.21126245871061,-0.0762928256940286,77,971,-106,71.0444444444445,1002.35555555556,-124.011111111111,0.953197172543056,0.953197172543056,0.953197172543056,319,371,204,338.347826603429,401.843333333333,6219.86424817403,345041.79,0.124287776190384,4773.86171747036,0.545929367849869,6268.59366045898,0,2352.72749602578,1
829375,-29,847,-223,233,1142,-19,77,1009,-116,81.5,1001.89,-118.24,0,998.943480164749,-86.2354647812421,98.8198360654378,1003.32458855547,129.804776491468,3154.65656565657,2905.71505050505,2897.55797979798,56.1663294657624,53.9046848660212,53.828969707751,2.94348836191645,3.27326715258967,2.02030144571436,0.477801122705672,-0.361733179778354,-0.111594358854557,38,1028,-126,79.6555555555556,1002.68888888889,-118.044444444444,0.937009825269208,0.937009825269208,0.937009825269208,262,295,204,338.389470820514,401.11,3434.66038145019,344424.956666667,0,3617.74361065765,0,3377.65342512726,0,2940.67672539523,1
830937,-77,904,-213,203,1114,-48,67,1000,-135,69.67,1002.43,-130.59,0,1000.87708019924,-117.781964036792,92.4605321204675,1003.19842005458,135.474683981916,3732.36474747475,1556.73242424242,1312.7695959596,61.0930826483224,39.4554486001924,36.2321624521584,2.45866156580395,3.03518696470011,2.63052649483093,0.080908615210361,-0.176722977415679,0.366633825230693,29,990,-155,69.5444444444445,1002.86666666667,-131.122222222222,0.953197172543056,0.953197172543056,0.953197172543056,280,210,165,338.598761796625,403.076666666667,3998.8984222195,344436.47,0,3969.15017355336,0,1757.96036984646,0,1187.90477448025,1
832500,-19,942,-174,135,1085,-77,53,990,-135,58.68,1003.47,-135.54,0,1002.45132934568,-131.544967784963,70.3728640883686,1003.99062246617,137.333389967626,1524.24,1055.68595959596,494.311515151515,39.0415163639939,32.4913212965549,22.2331175310957,2.13479760198975,2.64745185756941,2.45485484444196,0.085576944983259,0.731597173898285,0.337385293417674,48,980,-145,58.4111111111111,1002.14444444444,-136.188888888889,0.948078243593905,0.948078243593905,0.948078243593905,154,143,97,338.428944800471,399.536666666667,2035.05347411281,343936.656666667,0,1661.55542340447,0,1167.59150678565,0,494.847260262023,1
834062,-38,952,-184,116,1057,-48,58,1009,-135,56.93,1002.7,-131.51,0,1002.23256697309,-126.077262357688,62.5976836632155,1002.93361694581,133.489662521111,684.28797979798,473.282828282828,529.90898989899,26.1588986732618,21.7550644283769,23.0197521684963,4.52279133783574,2.45554576456375,4.43252154638246,-0.644097982416349,0.0169471426516342,0.830808526315775,67,1009,-145,57.6777777777778,1002.63333333333,-132.566666666667,0.927972814719956,0.927972814719956,0.927972814719956,154,105,136,337.826083610949,397.426666666667,849.359633905354,342537.933333333,0,688.653097495534,0,458.276109459854,0,494.167521456045,1
835625,0,933,-184,116,1057,-87,58,1000,-145,59.93,1002.26,-141.66,0,1001.42555928045,-138.814113612245,63.9403628391332,1002.67514180815,143.000349649922,501.782929292929,840.739797979798,385.398383838384,22.4005118087273,28.9955134112124,19.6315660057567,3.05797775989858,2.25546803300835,2.83526399029383,-0.261694851263687,-0.130018140918794,0.10319996093772,67,1000,-126,60.2666666666667,1002.55555555556,-142.033333333333,0.92159315967549,0.92159315967549,0.92159315967549,116,124,97,338.146757033639,401.283333333333,856.737107098752,343298.303333333,0,396.933997182561,0,878.866199630372,0,297.156276277615,1
837187,0,914,-213,126,1076,-58,67,1000,-145,67.21,999.29,-146.16,0,998.429164782574,-142.117349850385,73.7474745330306,999.718015242298,147.796143386761,930.81404040404,864.248383838383,485.812525252525,30.5092451628034,29.3981017046745,22.0411552612953,2.31671496295488,2.84036578321024,4.88608571929346,0.0195131661804861,-0.129418533274707,0.441271816457086,48,1000,-145,67.1555555555556,999.577777777778,-146.488888888889,0.92481870497303,0.92481870497303,0.92481870497303,126,162,155,337.617372830972,404.22,1124.80237765135,342239.5,0,907.726332053385,0,872.162447834794,0,369.758259921906,1
838750,9,923,-203,194,1114,-58,77,1000,-140,83.07,1004.13,-133.09,62.5817555971927,1002.94707036006,-122.920925186507,90.7295431488553,1004.72538039008,137.35344917402,1344.67181818182,1208.11424242424,1164.66858585859,36.6697670865499,34.75793783331,34.1272411111503,3.04754537061637,3.16388743143716,2.30990850095053,0.467285867358788,0.271382717463337,0.243520493023695,77,1000,-145,81.9888888888889,1003.48888888889,-133.166666666667,0.91829583405449,0.91829583405449,0.91829583405449,185,191,145,339.181840140636,406.763333333333,1616.32076565962,345523.636666667,0,1466.30778227075,0,1307.2194870497,0,856.487796802724,1
840312,-19,904,-203,281,1104,9,92,1009,-135,109.39,1002.35,-128.46,78.2363058341452,1000.49421314505,-114.720264385011,128.210568987116,1003.26306121575,135.297893553447,4516.94737373737,1849.74494949495,1821.76606060606,67.2082388828734,43.0086613311197,42.6821515461212,3.05301133050536,3.0518829522058,3.62600357135281,0.704456493865002,-0.280910130372875,0.713155828253776,135,1019,-135,106.588888888889,1002.46666666667,-130.688888888889,0.92159315967549,0.92159315967549,0.92159315967549,300,200,212,339.880849133779,413.646666666667,4953.56849779443,347093.413333333,0.0921311869373085,5110.57763198787,0,2103.50938966698,0,1807.7574372704,1
841875,-97,800,-262,349,1171,19,184,971,-116,166.09,983.04,-130.05,140.821545446484,978.622598351102,-81.4698454271482,185.994166575191,985.278011527711,147.21192207155,7078.72919191919,4449.61454545454,4806.41161616162,84.1351840309344,66.7054311541013,69.3282887150809,3.22167800792615,4.08257151037683,1.88737949164715,-0.674165492821334,0.414210931236071,-0.0170172168786932,184,971,-97,169.033333333333,981.411111111111,-130.411111111111,0.927972814719956,0.927972814719956,0.927972814719956,446,371,281,337.10456318798,427.48,9329.22146846191,342345.98,0.108602953636236,7870.40990814347,0.28617109143103,5259.31408770893,0.08261472819806,5405.56982299866,1
843437,233,780,-155,660,1009,233,383,914,-77,401.84,910.81,-44.88,384.157150844799,907.978061969868,-156.693562785671,411.635105402831,912.184339922584,98.2100809489535,8048.56,2530.72111111111,7708.08646464647,89.7137670594653,50.3062730791211,87.7957086915213,3.34191757716556,2.81465298451767,3.86666057642497,0.891112448496125,-0.429422392890332,1.40189337326151,388,904,-87,397.888888888889,912.288888888889,-52.2444444444444,0.826746372492618,0.826746372492618,0.826746372492618,427,229,388,334.762389681995,467.723333333333,14306.4940337187,337056.316666667,0.14134146483945,7263.86381813569,0,2476.02456991553,0.117535474337601,6458.32188848498,1
845000,-106,780,-135,533,1066,213,266.5,1009,67,225.47,979.85,46.2,0,974.35991830436,108.741960717975,294.888029597676,982.348639740495,81.4688897678126,36487.1001010101,4952.35101010101,4548.22222222223,191.015968183317,70.3729423152181,67.4405087630737,1.70398129630489,3.49112675900022,3.30367399027836,-0.176982593321793,-1.15036797409231,-0.918770457526141,466,1009,87,227.444444444444,985.277777777778,48.8666666666667,0.575442094828685,0.575442094828685,0.575442094828685,639,286,348,342.443952204283,433.02,39914.2510348687,352868.326666667,0.0768334646654943,28962.1905018508,0.0879290447216003,4607.689436724,0,3972.59345647366,1
846562,-126,980,19,-38,1047,116,-87,1009,58,-84.63,1012.8,58.22,-80.3946273198881,1012.54577193617,47.4766873022509,86.3684548895023,1012.92664097653,63.0720223236896,300.275858585859,259.131313131313,594.456161616162,17.3284695973377,16.0975561229434,24.3814716868396,3.21643809322302,2.7189070760849,2.54752469800117,0.327491387101022,-0.204807688748277,0.452317531161479,-87,1009,58,-85.0333333333333,1013.02222222222,57.5222222222222,0.91829583405449,0.91829583405449,0.91829583405449,88,67,97,339.47560066728,385.216666666667,602.005647310123,345819.323333333,0,302.318508811166,0,250.90208530453,0,548.609607196644,1
848125,-116,980,0,-48,1038,67,-77,1019,29,-76.97,1015.45,34.59,-75.1669773476914,1015.30341029283,0,77.8402851998886,1015.52297364461,37.672403692889,136.09,149.704545454545,224.991818181818,11.6657618696766,12.2353808871872,14.9997272702479,3.92201779218488,3.00394573801054,2.58944386115141,-0.221631246850429,-0.339747357683937,0.0328041354578335,-77,1009,29,-76.7222222222222,1015.72222222222,34.5111111111111,0.92159315967549,0.92159315967549,0.92159315967549,68,58,67,339.707990426181,375.67,249.555655089366,346255.076666667,0,109.311664809295,0,123.078207530555,0,169.421829860385,1
849687,-106,971,-126,155,1047,38,58,1019,-67,35.57,1013.1,-57.64,0,1012.81480673558,0,79.5509270844784,1013.24176779286,71.411343636708,5114.26777777778,290.171717171717,1795.16202020202,71.5141089420666,17.0344274095643,42.3693523693957,2.32902359294882,2.88367839602313,2.64381365577269,-0.755805283784505,-0.313345107209633,0.899670267281342,87,1019,-67,37.9,1013.35555555556,-59.5111111111111,0.934068055375491,0.934068055375491,0.934068055375491,261,76,164,339.574141940302,383.49,6338.18740867444,346028.936666667,0.0853412166467974,4923.61383577518,0,288.059747024885,0,1593.1664570134,1
991234,29,971,-135,155,1057,-38,87,1009,-82,86.95,1006.96,-83.16,79.4529090262571,1006.60911600827,-78.4772484860912,90.3373123354907,1007.13663422596,85.3544374944853,606.593434343434,359.35191919192,373.529696969697,24.6291176119534,18.9565798389878,19.3269163854376,2.84880534846605,2.67187158615098,2.75757896649807,0.309686655171935,0.395738979798005,-0.202703137477663,87,990,-77,86.6444444444444,1006.42222222222,-82.9666666666667,0.91829583405449,0.91829583405449,0.91829583405449,126,86,97,338.200455254069,392.356666666667,663.145702919048,343256.803333333,0,543.432623555765,0,367.026722833693,0,246.202951787257,1
992796,29,961,-165,194,1047,19,97,1009,-72,94.51,1009.31,-69.71,78.9379342816872,1008.96423489578,0,100.432514655364,1009.48246641534,77.9404259675298,1166.21202020202,351.690808080808,1227.50090909091,34.1498465619103,18.7534212366919,35.0357090564885,2.74075275642138,2.66409039526783,2.81994390608178,0.0111102535156957,-0.094820352242221,-0.0556128540255358,87,1009,-77,94.1555555555556,1009.45555555556,-69.5222222222222,0.914926372779727,0.914926372779727,0.914926372779727,165,86,184,339.09494111432,391.303333333333,1552.11139548605,345072.083333333,0,1168.50881734553,0,342.107241658796,0,928.446081114365,1
994359,-67,923,-184,233,1076,-9,67,1004.5,-97,73.51,1005.51,-99.1,0,1004.47852865074,-78.14715430512,96.5320154145763,1006.02607819082,105.13163177655,3954.25242424242,1048.59585858586,1244.29292929293,62.8828468204361,32.3820298713014,35.274536556742,2.87587231736191,2.89474119281627,2.86346958094552,0.384833734078411,0.089395619971317,0.104296582070264,67,1019,-97,71.4111111111111,1005.22222222222,-99.3555555555556,0.960362270315478,0.960362270315478,0.960362270315478,300,153,175,338.52329055004,394.213333333333,4189.2814164741,344153.186666667,0,3941.96519647195,0,1080.34850774355,0,944.05359519771,1
995921,-58,942,-165,213,1066,-29,87,1009,-97,92.24,1006.3,-95.93,0,1005.64833878594,-86.6214365693322,104.381990783851,1006.62526294545,99.573641090401,2411.49737373737,661.343434343434,719.540505050505,49.1069992336874,25.7165984209311,26.8242521806388,3.61076270382297,2.64400500278893,2.79112028071193,-0.0878080642279017,-0.0205195122194695,0.145329644613941,77,1009,-106,92.6777777777778,1006.12222222222,-96.1888888888889,0.934068055375491,0.934068055375491,0.934068055375491,271,124,136,338.865760684577,398.796666666667,2489.80823414158,344701.643333333,0,2443.03683656533,0,700.693984430057,0,533.351586969081,1
997484,-97,838,-194,291,1257,9,126,1000,-101.5,115.79,999.91,-102.93,0,996.429538745362,-101.98026680467,133.833142382595,1001.7024757881,112.534750188553,4549.48070707071,3624.08272727273,2090.38898989899,67.4498384510349,60.2003548766345,45.7207719740053,3.75524544955482,6.8314710664875,2.58732382061269,-0.423142045477654,0.811096498059898,0.125128907192441,165,980,-97,116.9,998.355555555556,-103.266666666667,0.937009825269208,0.937009825269208,0.937009825269208,388,419,203,338.372985002055,407.736666666667,5308.45195858042,344661.076666667,0.166480682975853,4600.11480796518,0.651606871748012,4139.88635245,0,1562.09444635804,1
999046,-67,904,-194,262,1209,38,101.5,1009,-97,103.34,1007.76,-90.21,69.3536944816419,1005.77151820578,0,123.526839188899,1008.80913953037,103.997067266342,4625.98424242424,2137.03272727273,2704.59181818182,68.0145884529506,46.2280513029992,52.0056902481047,2.90932414692353,7.59005827321486,2.24025569217938,-0.0588968204592133,1.41929205011491,0.198743599227131,77,1009,-145,103.6,1004.46666666667,-90.8555555555556,0.92481870497303,0.92481870497303,0.92481870497303,329,305,232,340.220228319502,402.283333333333,4736.22772509468,347923.383333333,0.121783202899857,5139.77858350548,0,2459.62538594487,0,2158.50286863591,1
1000609,-126,847,-213,252,1333,48,106,1000,-87,89.89,1005.18,-81.85,0,1000.85761780866,-54.6648448470896,123.064251511152,1007.47721562326,95.5632251444037,7135.95747474747,4670.2096969697,2457.48232323232,84.474596623763,68.3389325126585,49.5729999418264,2.33507463758123,7.45564593163472,2.83823639846965,-0.362707789214391,1.24068075560977,-0.0667540822707042,106,1019,-106,91.3555555555556,1002,-81.5888888888889,0.968967292510196,0.968967292510196,0.968967292510196,378,486,261,339.127314964683,397.92,8011.84190742828,346429.16,0.0766979885788243,7801.77001635077,0.574958006406053,5462.70913944287,0,2189.04404288193,1
1002171,-77,914,-184,223,1200,0,67,1000,-106,65.33,1008.24,-97.65,0,1005.31769517002,0,94.8457168247465,1009.74053102765,106.441768117596,4775.45565656566,3058.62868686869,1812.45202020202,69.1046717419717,55.3048703720449,42.5729024169368,2.36027210173805,3.30854666361148,2.23646382351907,-0.0746778072220078,0.60776192499267,0.130561219222244,38,980,-106,65.4444444444444,1006.25555555556,-98.0777777777778,0.970950594454669,0.970950594454669,0.970950594454669,300,286,184,339.466258244653,394.88,5148.80175432773,346633.833333333,0.139582863847528,5265.02543573526,0,3575.04101862208,0,1627.41605656334,1
1003734,-106,895,-233,271,1238,29,48,1009,-106,62.23,1005.58,-97.92,0,1001.97628283995,0,100.783778456654,1007.49605458285,114.910660950149,6348.2798989899,3896.12484848485,3652.6602020202,79.6760936479061,62.41894623017,60.4372418465651,3.04446250716006,6.39058990987248,2.32232945551033,0.556370127200397,1.26357770024313,0.0686261529764295,0,1019,-126,59.3444444444444,1000.52222222222,-97.7,0.976500468757824,0.976500468757824,0.976500468757824,377,343,262,339.008707888961,393.63,6638.01561768033,346136.71,0.0795332479530745,7286.44250746708,1.13263539266362,4465.39134546578,0,2655.50080078169,1
1005296,-67,866,-223,252,1228,38,77,1009,-97,76.7,1005.04,-95.89,0,1002.19697890258,0,99.8800280336364,1006.48846987931,112.049230251707,4134.47474747475,2943.06909090909,3394.07868686869,64.2998813954952,54.2500607456719,58.2587219810792,3.08396617605106,6.15071996598455,2.36990541242177,0.399025360897023,0.608438422129796,0.275442751351982,19,1019,-155,74.6444444444444,1003.44444444444,-97.0444444444445,0.931055823385033,0.931055823385033,0.931055823385033,319,362,261,338.738440752179,394.883333333333,4583.67996917419,345183.363333333,0.119296663239949,4673.32133898775,0,3444.23153183921,0,3014.09391663199,1
1006859,-77,866,-194,213,1123,19,77,1019,-82,77.23,1015.26,-85.25,0,1012.61752346861,0,98.86976281958,1016.5468705377,97.8909086687829,3849.2495959596,2641.08323232323,2338.45202020202,62.0423210071931,51.3914704238284,48.3575435708021,2.70015295598344,3.15621152969031,2.51406256001101,-0.120185646625499,-0.401753629331294,-0.0105260408011961,38,1019,-58,77.9333333333333,1016.26666666667,-85.4444444444444,0.942683189255492,0.942683189255492,0.942683189255492,290,257,213,341.616700862086,395.306666666667,4122.17421686104,350908.466666667,0.133900154211202,4323.25052945823,0,3062.72605061147,0,2360.36181852506,1
1008421,-135,895,-242,242,1114,0,97,1009,-92,85.2,1003.28,-102.05,0,1001.03519066724,0,112.960347024963,1004.39465351026,115.741219969378,5556.56565656565,2260.46626262626,3011.94696969697,74.5423749055908,47.5443609971389,54.8812078010039,2.77199872551473,2.48369775062289,2.19502947288997,-0.477834494050148,-0.065438876123406,-0.238422573834185,155,1019,-165,87.6333333333333,1003.17777777778,-101.255555555556,0.962614705998252,0.962614705998252,0.962614705998252,377,219,242,338.765377553713,400.81,5833.31445477381,344988.23,0.10156321254174,6284.28731163337,0,2659.44074663751,0,3332.5118386726,1
1009984,-58,828,-203,320,1161,-9,116,1000,-116,118.13,1000.32,-115.18,59.1431096883518,996.239799056189,-93.1241572991519,136.705413206647,1002.31466117183,120.791804357746,4781.48797979798,4034.92686868687,1337.60363636364,69.1483042438351,63.5210742091699,36.5732639555678,2.63367172389787,3.69921566117782,3.06950206719866,0.112801835981751,-0.167622398734148,0.20365390949387,77,980,-87,117.6,1000.51111111111,-115.411111111111,0.92159315967549,0.92159315967549,0.92159315967549,378,333,194,338.955967633629,411.596666666667,4828.11895916017,345971.236666667,0.23368042661006,5275.44274767825,0.399609183254243,4715.53316200634,0,1295.31726630782,1
1011546,-48,866,-174,359,1123,-9,145,1000,-106,129.18,997.82,-105.27,0,995.966908741977,-74.3350425459553,154.754515281461,998.744982465494,111.711100612249,7334.83595959596,1865.44202020202,1411.71424242424,85.6436568555778,43.1907631352124,37.5727859284382,2.73604666607732,3.40170902015608,2.80141261653696,0.0960008391470506,0.0764392536334342,0.34509772018811,145,1000,-126,127.466666666667,997.011111111111,-106.244444444444,0.945415365310838,0.945415365310838,0.945415365310838,407,257,165,338.676861944918,411.77,7874.97128743824,344639.956666667,0.172980307673566,8082.8594540995,0,2074.46390952897,0,1396.60962829374,2
1013109,-38,809,-339,427,1142,126,126,1000,-116,135.69,994.07,-113.6,97.4223070654128,989.381408600538,-97.8501306482769,160.893349769343,996.365520278577,131.000229007433,7550.39787878788,4615.23747474747,4299.09090909091,86.893025489897,67.9355391142771,65.5674531234126,4.57353439640693,2.4110050560255,5.69852982317915,1.21920257565633,-0.192013042786522,0.638015179485394,48,942,-77,128.911111111111,995.166666666667,-116.522222222222,0.904381457724494,0.904381457724494,0.904381457724494,465,333,465,338.666914782423,416.766666666667,10060.5617252157,345263.993333333,0.536666653702319,6167.98778012884,0.284565022363448,4489.98151082364,0,2895.23347086963,2
1014671,-29,838,-417,466,1200,213,111,1004.5,-106,121.52,1005.47,-102.29,0,999.440798860317,0,158.56084005832,1008.47482368178,136.853169491978,10479.2218181818,6112.67585858586,8349.03626262626,102.368070306037,78.1836035149689,91.3730609240287,4.5686741689619,2.73053472354776,6.11077046892698,1.15370490277488,0.10881227801065,0.0365799482046776,58,1038,-135,112.688888888889,1004.65555555556,-101.133333333333,0.92481870497303,0.92481870497303,0.92481870497303,495,362,630,342.404945103468,413.733333333333,13024.2396898825,353630.6,0.322311325129383,9327.68184990108,0.643941863412186,6636.46929760128,0.758164657867141,6185.53205062821,2
1016234,-77,742,-242,359,1247,97,145,1000,-67,141.37,994.83,-71.37,80.4052257691879,986.407645220923,0,161.083487670214,998.932615344999,103.630642186566,6022.6394949495,8262.26373737373,5702.65969696969,77.6056666420017,90.8969952054177,75.515956571904,3.30886606545293,3.01589393678153,2.6730376245516,-0.120332846570776,-0.0718936936786087,-0.0651878220081568,174,952,-106,141.788888888889,996.022222222222,-71.4333333333333,0.872988294470946,0.872988294470946,0.872988294470946,436,505,339,337.91404594512,407.65,11802.8661564104,344851.19,0.241052853231845,6505.43015395581,0.321061808044556,9515.43111252762,0.150492081330564,6268.20098667455,2
1017796,-116,828,-271,378,1257,19,121,1000,-77,129.83,1007.81,-87.72,101.751468653923,1002.49866915568,0,156.962575157265,1010.51828781076,106.702577288461,7860.02131313132,5521.42818181818,3727.92080808081,88.6567612375464,74.3063132029721,61.0567015820607,3.09703293020092,3.32367520467822,2.5667343288658,0.200387563114933,0.439020974344693,-0.444538686157101,97,961,-19,129.044444444444,1005.97777777778,-85.8222222222222,0.92481870497303,0.92481870497303,0.92481870497303,494,429,290,341.961294029793,410.233333333333,10578.7549095817,352389.966666667,0.267618996595125,8650.62473834241,1.12374245780952,6265.18896846931,0,3689.75189273574,2
1019359,-19,819,-242,446,1219,0,126,990,-106,134.49,999.88,-108.34,119.381918739005,993.654051794204,0,146.599010910715,1003.04950027404,116.543468285443,3438.09080808081,6412.4096969697,1863.45898989899,58.6352352095633,80.0775230446703,43.1678003829126,9.98655877195525,3.07001982849574,3.03439229926312,1.50447178729779,0.399722333737625,0.0396810507582889,126,923,-155,132,998.233333333333,-108.888888888889,0.92159315967549,0.92159315967549,0.92159315967549,465,400,242,339.189542238742,414.363333333333,7765.28631904132,347060.65,0,2814.91276041943,0.524430862071838,7383.16020418327,0,1626.1394614296,2
1020921,58,876,-203,252,1123,19,135,990,-106,141.38,994.82,-109.88,132.411177008477,992.0151423253,-92.6258891155108,145.696602568488,996.232101470335,117.553221989021,1251.71272727273,2839.96727272727,1762.77333333333,35.3795523893778,53.2913433188475,41.985394285791,3.23747723423926,2.5682406563489,3.09584522149991,0.442087816381805,0.223571173666998,0.193818327624534,116,961,-106,140.533333333333,993.866666666667,-110.377777777778,0.914926372779727,0.914926372779727,0.914926372779727,194,247,222,337.473513018373,415.486666666667,3260.63803292145,342508.22,0,1191.18985803442,0,3113.72427537678,0,1725.76441120325,2
1022484,67,876,-194,233,1133,-19,155,995,-106,152.83,997.49,-105.81,142.483670989327,994.185511591,-86.2965815987565,157.49644440431,999.148222237322,111.552543673374,1462.74858585859,3344.31303030303,1260.82212121212,38.2458963270386,57.830035710719,35.5080571309121,2.5738533897779,2.24331100773123,3.0236370424825,0.113811470087622,0.147469379070037,0.347714289059146,145,971,-116,152.7,996.844444444444,-106.488888888889,0.91829583405449,0.91829583405449,0.91829583405449,166,257,175,338.637973266062,418.71,3618.97848367454,345182.09,0,1668.47780652174,0,3936.47926107472,0,1388.72180063349,2
1024046,48,876,-165,233,1142,-9,150,1000,-106,152.77,999.85,-102.89,139.43635013052,996.514188895686,-81.8228496801579,158.420674155869,1001.52714890811,107.389059033032,1776.19909090909,3390.51262626263,955.61404040404,42.1449770543192,58.2281085581751,30.9130076246883,2.37159581053134,2.84196848922779,3.65807782413055,0.0125246968829332,0.213154707679979,0.712275358338598,165,1019,-116,152.722222222222,998.955555555556,-104.222222222222,0.91829583405449,0.91829583405449,0.91829583405449,185,266,156,339.301529970307,418.503333333333,3730.18709946755,346562.05,0,1940.54762681037,0,3959.02974151206,0,977.369494682618,2
1025609,77,857,-203,281,1180,0,155,985,-116,166.57,990.07,-113.52,153.046581234044,984.88219703118,0,172.993207959157,992.729303486101,121.488435663647,2203.11626262626,5326.12636363636,1891.56525252525,46.9373653140679,72.9803149050233,43.4921286272039,2.66285574880173,2.66278383608843,2.75078706986661,0.330190684581115,0.46488673246598,0.303728087672587,155,933,-126,165.288888888889,987.322222222222,-114.322222222222,0.91829583405449,0.91829583405449,0.91829583405449,204,323,203,337.427921837765,423.386666666667,5774.54142923668,343399.186666667,0,2349.01554519684,0.243966222160962,6193.94397910253,0,1925.17536204967,2
1027171,-38,800,-242,349,1257,165,126,990,-106,126.37,999.3,-101.02,0,992.252723710215,0,141.305378524669,1002.88963500477,124.517227723717,4038.21525252525,7259.72727272727,5353.0298989899,63.5469531332955,85.2040331951914,73.1644032230831,4.53962105472825,3.03005163548692,5.76224508495557,0.18509581805352,0.395733079536308,1.19060935735327,165,1028,-126,125.522222222222,996.833333333333,-106,0.911484409698704,0.911484409698704,0.911484409698704,387,457,407,339.010985257271,413.27,7635.10799570884,347086.456666667,0.67067279766245,4182.1068640755,0.299942221276186,8353.12358046995,0.861969889630483,4833.09889117638,2
1028734,19,857,-203,223,1200,19,116,1000,-77,118.53,1000.48,-84.45,87.9441189546221,997.275110311457,0,128.851658895025,1002.08274109477,99.0003535347223,2579.18090909091,3242.0096969697,2696.2297979798,50.7856368384892,56.9386485348019,51.9252327676997,2.29638111866229,3.99140995150132,2.17734202653547,-0.0438278340651092,0.180354738591766,0.0286907518389173,116,990,-126,118.366666666667,1000.46666666667,-84.7555555555556,0.893173458377857,0.893173458377857,0.893173458377857,204,343,222,337.881969698588,401.64,3395.24792013914,343524.546666667,0,2817.58332264995,0,3755.39333355338,0,2850.72741199405,2
1030296,-48,819,-310,310,1247,0,87,1000,-116,93.38,1004.65,-115.42,72.4715243949715,998.969234338169,0,112.674043151029,1007.50817862685,128.65325491413,4015.77333333333,5809.1994949495,3262.50868686869,63.3701296616421,76.2181047714354,57.1183743367113,4.23856166991284,3.44738782679492,3.17019850547261,0.544984786779185,0.279405989907326,-0.328092718784408,116,980,-106,92.1,1003.83333333333,-113.833333333333,0.934068055375491,0.934068055375491,0.934068055375491,358,428,310,339.688534808696,405.37,5917.03230885439,348106.61,0.419393369753245,4404.19830720671,0.295947452041339,6819.30691328393,0,2832.57319324647,1
1031859,-87,809,-242,378,1152,38,77,1009,-111,74.14,1002.02,-113.69,0,997.984204491526,0,108.797702181618,1003.98158349643,129.646557995189,6404.24282828283,3974.68646464646,3922.03424242424,80.026513283304,63.0451145184658,62.6261466356046,4.14198375199873,3.78928968793118,2.30363270132241,0.556310925531751,-0.25375859874579,0.0835155669120462,97,1009,-77,71.3666666666667,1003.24444444444,-114.566666666667,0.966917009359681,0.966917009359681,0.966917009359681,465,343,280,338.770368734291,401.383333333333,6876.37609749463,345541.396666667,0.160249508190058,6711.44422948247,0.763630950751741,4528.80391772731,0,3375.5745020158,1
1033421,-223,876,-242,252,1190,-29,43,1004.5,-155,45.2,1000.17,-150.53,0,995.666560041266,-126.511750304114,102.653007749408,1002.42916457972,157.696322087739,8580.40404040404,4569.9001010101,2231.16070707071,92.6304703669588,67.6010362421324,47.2351638831782,3.13206076795026,2.38191353893293,2.80496956156859,-0.318928556717693,0.153354818846501,0.512088811575269,87,1038,-135,46.6555555555556,998.966666666667,-152.3,0.982973228491819,0.982973228491819,0.982973228491819,475,314,213,339.279547342199,411.546666666667,9366.23585257741,346756.666666667,0.0929060504713258,9085.44625053907,0.426365799959794,5342.43581442502,0,1798.56587705843,1
1034984,-184,761,-262,281,1190,-19,77,1019,-116,68.4,1010.85,-120.09,0,1003.99386688133,-86.537163510477,121.298145080624,1014.07299046962,131.722169736153,10136.0404040404,6592.2297979798,2958.70898989899,100.677904249346,81.1925476751395,54.3940161221709,2.60898067363052,3.45128769812019,2.38570268089009,-0.309478438181075,-0.545822929687788,-0.202584858413632,-38,1038,-106,70.7111111111111,1013.81111111111,-119.555555555556,0.984426897800011,0.984426897800011,0.984426897800011,465,429,243,342.277920426738,410.306666666667,10405.0799475401,353469.333333333,0.120908753411146,11537.7419244757,0.516287344514217,7674.19886052283,0,2662.49037023147,1
1036546,-67,819,-233,242,1200,-19,58,1009,-135,63.83,1003.39,-130.93,0,998.470315910196,-97.3212159388297,90.3677486717468,1005.79700238169,142.156216888323,4133.39505050505,4884.96757575758,3096.69202020202,64.2914850544382,69.8925430626013,55.6479291636447,3.22400667546174,4.00510860310144,1.9835545092703,0.491680231394003,-0.0863254645541485,0.104250801647019,58,1019,-174,61.7333333333333,1003.8,-131.588888888889,0.962614705998252,0.962614705998252,0.962614705998252,309,381,214,339.152378152617,402.056666666667,6199.68049841791,346667.443333333,0.051186670337853,4751.4475307712,0.432198623305246,5713.67970778203,0,3239.43244895927,1
1038109,-58,866,-233,213,1304,-38,77,990,-145,78.02,996,-144.57,0,990.395982914943,-130.995806233335,99.1501891072327,999.019339152151,149.730257463213,3781.45414141414,6084.48484848485,1534.00515151515,61.4935292645831,78.0031079411894,39.1663778196957,2.76580020507973,5.75900172265302,3.05245869732624,0.0341963225660445,1.2428381001688,0.0723392109296195,77,933,-135,78.1666666666667,990.011111111111,-145.055555555556,0.953197172543056,0.953197172543056,0.953197172543056,271,438,195,337.362661828077,408.236666666667,6549.23147756198,343429.85,0.137919159590431,4104.86959065878,0.795136841451472,7157.41121027196,0,1520.68017698294,1
1039671,38,885,-252,252,1104,-19,97,1000,-155,106.14,1001.66,-152.46,90.4694687231934,998.883593558971,-131.993516602613,114.232132082002,1003.03584183219,157.434430795808,1801.29333333333,2786.00444444444,1557.1195959596,42.4416462137525,52.7826149830078,39.4603547368697,4.05947712951482,2.27047616293331,4.32159466101872,0.925455868519513,-0.0896578811869568,0.770623910700852,97,971,-165,103.755555555556,1002.11111111111,-154.244444444444,0.91829583405449,0.91829583405449,0.91829583405449,214,219,233,340.10332425581,420.086666666667,2990.63857228053,347971.826666667,0,1856.72303520041,0,3146.8444356312,0,1433.30228578618,2
1041234,0,885,-242,242,1095,-87,106,1000,-145,106,994.78,-145.76,0,992.625812467456,-137.94404701873,113.450958568009,995.848141033561,149.558550407524,1651.63636363636,2147.74909090909,1133.11353535354,40.6403292756883,46.3438139443561,33.6617518164687,3.86060972838044,2.3596294534208,3.04567160669981,0.108772520979836,-0.104549414927367,-0.334007160915299,106,1000,-155,106.288888888889,995.088888888889,-144.866666666667,0.92481870497303,0.92481870497303,0.92481870497303,242,210,155,337.44537957752,415.513333333333,2407.56501747089,342317.466666667,0,1595.52735916887,0,2424.68244967635,0,976.499299396427,2
1042796,-19,895,-252,184,1114,-77,87,1000,-150,87.21,996.32,-152.02,0,994.660939824257,-143.607261599239,97.0497295204886,997.159194913229,156.098494547513,1831.3796969697,1689.81575757576,1269.35313131313,42.794622290303,41.1073686530257,35.627982419906,2.81318073658518,3.46425938637613,3.05791918687555,-0.37997282962869,0.387972357193289,-0.367795315678621,97,1009,-174,88.3888888888889,995,-151.266666666667,0.931055823385033,0.931055823385033,0.931055823385033,203,219,175,337.692562260159,412.163333333333,2182.84440131714,342703.95,0,1604.95146696207,0,1876.08925831295,0,945.166510632451,2
1044359,0,895,-252,184,1085,-97,97,990,-174,95.01,993.58,-174.37,0,991.876092910435,-166.458787225956,103.260689519294,994.433859037392,177.857442914262,1652.39383838384,1714.6298989899,1240.78090909091,40.6496474570671,41.4080897771184,35.2247201421233,2.64938347410618,2.32662314881012,2.62438775443645,-0.201596388232489,0.119134319701089,0.205046729916833,106,990,-184,95.4666666666667,993.355555555556,-174.677777777778,0.92481870497303,0.92481870497303,0.92481870497303,184,190,155,338.198143704216,420.986666666667,2112.09039162186,343731.58,0,1818.32880735772,0,1898.62361814232,0,1106.54367827672,2
1045921,-9,885,-271,223,1123,-58,116,990,-165,110.1,994.81,-167.4,0,991.608293659239,-155.562210662859,119.709732269352,996.421261314711,172.454863660031,2230.71717171717,3240.80191919192,1735.27272727273,47.2304686798381,56.9280415892899,41.6566048457232,3.4044076604437,2.09286652563054,2.95399902435021,-0.511852027618263,0.18859249973942,-0.0768304006403781,106,942,-174,111.766666666667,994.188888888889,-167.177777777778,0.931055823385033,0.931055823385033,0.931055823385033,232,238,213,338.894010483021,424.283333333333,3429.67942884313,345642.143333333,0,2291.10488278069,0,3535.67094947591,0,1220.51892519931,2
1047484,-38,885,-300,213,1114,-87,126,980,-155,120.84,990.45,-163.68,0,987.366610556053,-155.607494160301,132.032571738946,992.004521159052,168.161113221815,2858.88323232323,3112.89646464646,1502.03797979798,53.4685256232415,55.7933370990342,38.7561347375868,3.11284835502076,2.0683746558478,4.15774541277004,-0.715116631424995,0.219659831016806,-0.994324151243858,155,923,-155,123.5,989.866666666667,-161.211111111111,0.931055823385033,0.931055823385033,0.931055823385033,251,229,213,337.759512814988,425.363333333333,3250.56548263061,343261.243333333,0,2926.58909089536,0,3495.06907482004,0,1095.99400774009,2
1049046,-67,885,-281,262,1104,-97,155,990,-155,133.1,991.53,-156.99,0,988.251993003672,-148.56198415249,147.807442302477,993.184650505635,161.598855193965,4173.16161616161,3317.18090909091,1483.16151515151,64.6000125089896,57.5949729498236,38.5118360397361,3.4565000370973,2.09789885316517,4.05014367084866,-0.836325418818516,0.240049991767403,-0.927438789053456,174,961,-155,136.555555555556,990.955555555556,-154.611111111111,0.934068055375491,0.934068055375491,0.934068055375491,329,219,184,338.470028000616,428.16,4262.41824978876,344792.326666667,0.149843970845488,4245.94052796065,0,3845.65939482216,0,1131.1352214241,2
1050609,-97,866,-291,291,1142,-67,140,990,-145,134.32,994.62,-154.41,152.722891502875,991.390339059428,-143.168326213542,154.055834034288,996.264482956208,160.177682590303,5748.82585858586,3307.04606060606,1832.76959595959,75.821011986031,57.5069218495136,42.8108583884929,3.29048225141808,3.12405683126631,3.68694439335118,-0.677411583023874,0.443738494729115,-0.735710411073405,184,971,-155,138.344444444444,992.811111111111,-152.411111111111,0.937009825269208,0.937009825269208,0.937009825269208,388,276,224,339.695826671634,429.643333333333,5987.34204263252,347311.003333333,0.071132156138318,6159.50735012903,0,3759.22584419565,0,1358.78179608705,2
1052171,-29,904,-281,242,1133,0,145,980,-145,138.83,993.57,-156.46,0,991.250413953589,0,149.936153078569,994.756507895274,163.429250747839,3239.47585858586,2382.99505050505,2251.90747474747,56.9163935837985,48.8159302943726,47.454267192187,3.24958302277909,2.65080262063207,3.91981945461398,-0.90061769540119,0.548572707682872,-0.0604938554232334,174,971,-145,141.988888888889,992.066666666667,-156.111111111111,0.927972814719956,0.927972814719956,0.927972814719956,271,229,281,339.321255193216,429.873333333333,3917.91884310088,346243.493333333,0,3265.50975573359,0,2559.90452417043,0,1859.38973533299,2
1053734,-38,885,-271,252,1123,-67,126,980,-155,122.09,991.18,-159.41,0,988.162997487865,-148.056094201858,141.227440676378,992.746986900489,164.714814148576,5090.12313131313,3140.1894949495,1736.7897979798,71.3450988597895,56.0373937201713,41.6748101133022,2.26177893690689,2.96225870887259,3.50626179587543,-0.33646020854961,0.779603726207226,-0.433244872595122,184,971,-155,123.866666666667,988.677777777778,-158.1,0.937009825269208,0.937009825269208,0.937009825269208,290,238,204,338.178007190786,425.106666666667,6136.82047808508,344207.58,0.0882147076169494,5469.42885879169,0,3525.04968147014,0,1357.4339970249,2
1055296,-38,914,-233,213,1066,-58,126,1000,-155,124.79,995.36,-151.37,97.0478790032591,994.151411862844,-142.34495353232,138.154732094127,995.962007307508,155.313714783982,3549.68272727273,1210.89939393939,1221.69,59.5792138859915,34.7979797393382,34.9526823005045,2.31806745368568,2.42637761038225,2.79887074030448,-0.464285033674388,-0.0503763556075296,0.023346627401099,194,1009,-155,127.266666666667,995.522222222222,-151.066666666667,0.92481870497303,0.92481870497303,0.92481870497303,251,152,175,338.962105865806,424.153333333333,3557.7962597866,345049.8,0,3768.48426876934,0,1330.10754996949,0,978.923372867023,2
1056859,-87,895,-233,213,1085,-38,116,990,-174,106.37,992.41,-168.58,0,991.001510202928,-156.526348276642,123.337139580906,993.113996477746,172.671306243973,3936.84151515152,1411.92111111111,1410.26626262626,62.7442548378058,37.5755387334781,37.5535119879122,3.18692587858087,2.85749155403374,3.2223472484009,-0.659704620650189,0.0705383264235682,0.590015717810747,126,1000,-194,109.355555555556,992.466666666667,-170.088888888889,0.942683189255492,0.942683189255492,0.942683189255492,300,190,195,338.2677841373,424.046666666667,4184.88586929202,343767.613333333,0.146650474777383,4113.07530388144,0,1570.88533297004,0,1130.46123754875,2
1058421,9,895,-242,194,1066,-29,116,990,-145,111.53,993.43,-146.99,84.9837023276744,992.324724951229,-125.06340641183,118.765104302569,993.974904109757,154.532812049739,1683.03949494949,1093.88393939394,2297.30292929293,41.0248643501657,33.073916299615,47.9301880790482,2.59288916790389,2.97071491497932,2.28320690406794,-0.291795175408915,-0.351523495621276,0.167311613012542,135,980,-116,112,994.333333333333,-147.833333333333,0.91829583405449,0.91829583405449,0.91829583405449,185,171,213,337.458999901087,417.316666666667,2619.77964272315,341990.55,0,1820.44202722297,0,1154.7882409193,0,1536.95524705432,2
1059984,-97,866,-310,252,1104,67,106,1009,-145,98.37,1001.53,-136.5,0,998.693029854106,-136.075320978524,117.975294023791,1002.91668148456,148.857515765916,4284.35666666667,2807.60515151515,3561.92929292929,65.4549972627505,52.9868394180588,59.6819008823386,3.14724390884254,2.62027020308859,3.75122710986739,-0.380876033170451,-0.330714873383713,0.246365177768102,135,1009,-106,99.5888888888889,1002.81111111111,-137.133333333333,0.937009825269208,0.937009825269208,0.937009825269208,349,238,377,339.794036280531,414.366666666667,5227.1044365622,347306.2,0.171724249862757,4775.38951812856,0,3146.60842613037,0,2871.91181425257,1
1061546,-19,885,-233,310,1228,-38,116,1000,-126,117.28,996.02,-124.53,85.2146761993102,993.540059328744,-106.028722837924,132.057714655373,997.310954517196,132.768106109864,3721.8602020202,2599.29252525252,2141.0596969697,61.0070504287841,50.9832573032807,46.2715862811045,3.76816438686172,7.27833710142302,2.31939116193486,0.479701840154819,1.06203632004055,-0.296834957160636,126,971,-126,115.455555555556,994.055555555556,-123.533333333333,0.92481870497303,0.92481870497303,0.92481870497303,329,343,195,337.858575252608,412.796666666667,3865.64267048645,343231.916666667,0.134925806350749,4265.99045274933,0,3039.52122531929,0,2067.68066531724,1
1063109,-77,828,-242,242,1209,-9,87,1000,-155,90.27,997.68,-145.5,0,992.935370709678,-110.325962893544,111.368622151843,1000.0748771967,153.612499491415,4297.2697979798,4832.70464646465,2451.06060606061,65.553564342298,69.5176570841153,49.5081872629225,2.97054162147137,3.10907577958107,2.61861995379112,-0.102484118003226,0.291430283555077,0.525381623119475,97,1009,-174,90.8888888888889,996.633333333333,-147.166666666667,0.945415365310838,0.945415365310838,0.945415365310838,319,381,233,338.557808291426,413.19,4900.11085768755,345383.176666667,0.0956212494234711,4810.66044565226,0.820052476602097,5559.02288028366,0,2441.7363420117,1
1064671,-19,828,-242,368,1133,0,97,1009,-135,96.24,1000.57,-134.91,0,997.894574043601,0,116.129496683659,1001.87414878317,147.288933732307,4266.58828282828,2637.86373737374,3528.60797979798,65.319126470187,51.3601376300116,59.4020873353621,5.32450174699513,3.87794052972821,2.22056547299884,0.949915628654879,-0.33109627192669,0.174783519404214,116,1019,-97,92.7,1001.31111111111,-136.033333333333,0.937009825269208,0.937009825269208,0.937009825269208,387,305,242,339.294076272103,411.013333333333,4515.49823560665,346310.633333333,0.175574559055005,4518.600877827,0,2942.74891896662,0,3421.46131249857,1
1066234,-19,866,-233,300,1171,29,87,1009,-116,102.04,1005.2,-116.44,0,1001.66052352347,-94.9702263783388,122.62308102474,1006.98215475747,127.729558051377,4670.96808080808,3622.24242424242,2784.4105050505,68.3444809827983,60.1850681169543,52.7675137281501,2.97086643595391,3.34664655301694,2.42713402912641,0.570841209451383,0.267270337293468,0.0534595280471182,67,1009,-165,99.5666666666667,1004.04444444444,-116.255555555556,0.931055823385033,0.931055823385033,0.931055823385033,319,305,262,340.290243871174,408.46,6241.31149273495,348454.773333333,0.137941758425015,5315.86508602809,0.294234520602153,4281.03024425369,0,3099.77634793045,1
1067796,-145,847,-252,339,1161,-9,67,1000,-155,73.31,999.94,-145.4,0,996.540929010781,-107.364561174878,109.256807568224,1001.61351827938,153.947458569474,6628.98373737374,3383.47111111111,2584.50505050505,81.4185712069042,58.1676122177205,50.8380276024262,4.32921737854525,3.5811989328828,2.76507792542371,0.332099520831445,-0.101419631743955,0.535023720495963,38,990,-145,71.6444444444444,1000.31111111111,-147.255555555556,0.966917009359681,0.966917009359681,0.966917009359681,484,314,243,339.245972868938,410.97,7295.59766215826,346288.836666667,0.065993349906521,7750.12959263561,0,3947.6743247472,0,2597.3174860831,1
1069359,-106,800,-233,310,1247,-29,58,1004.5,-145,70.61,1003.21,-134.83,0,997.772707331348,-108.685175923562,102.698344679941,1005.91795391076,142.835324762469,5617.35141414141,5495.58171717172,2245.25363636363,74.9489920822249,74.1321908294347,47.3841074239416,3.61397200997954,3.60772984921913,2.50713138565118,0.455660915720429,0.152035946173881,0.357133882661828,19,1028,-145,69.0888888888889,1002.77777777778,-136.155555555556,0.964799548505087,0.964799548505087,0.964799548505087,416,447,204,339.458822372352,406.463333333333,7794.26128961887,347606.603333333,0.179432471785925,6350.65381862544,0.739028655589284,6504.02385740017,0,2119.79791452245,1
1070921,-233,733,-252,368,1390,-9,38,1009,-126,44.12,1009.43,-121.43,238.953549921594,999.597672183054,-75.6430112580472,126.621720095724,1014.37094299866,132.5516880315,14228.7733333333,10100.49,2853.23747474748,119.284422006117,100.501194022758,53.4157043831444,2.69605205397754,4.96941034606377,2.38031252294359,0.176714396211425,0.437496784343174,0.00343641089567944,19,980,-126,41.6888888888889,1007.87777777778,-122.044444444444,0.993707106604508,0.993707106604508,0.993707106604508,601,657,243,341.965122592208,411.006666666667,16488.3227009463,354183.806666667,0.166627382632528,16452.2256602524,0.434452583549043,11917.0473875334,0,2809.25843512908,1
1072484,-281,685,-262,398,1285,9,-9,995,-145,-1.69,1000.18,-144.82,0,985.723710029492,0,124.5454535501,1007.11990348717,157.03668361246,15665.3675757576,14071.1793939394,3724.93696969697,125.161366146897,118.62200214943,61.0322617121221,4.02480380077875,3.30172211624806,2.82105511407763,0.569417380605277,-0.0249750974988533,0.367937999989225,9,971,-106,-6.08888888888889,1000.58888888889,-146.911111111111,0.999967939872718,0.999967939872718,0.999967939872718,679,600,271,340.16376777809,413.143333333333,16000.2482142247,351487.53,0.089695488980268,18479.6199769462,0.285238047282223,16810.0600818326,0,3417.84234067676,1
1074046,-145,838,-213,252,1352,-29,19,1009,-106,14.14,1004.22,-111.89,0,997.288116205027,-93.4480789924166,81.0874836210867,1007.85278686919,120.725680780851,6439.63676767677,7383.26424242424,2076.07868686869,80.2473474183214,85.9259229943109,45.5640064839417,3.02600599900116,5.47883718507728,2.57488006427375,0.408843352373469,0.866253722122761,-0.577991704101511,-19,942,-106,11.8111111111111,1000.72222222222,-110.477777777778,0.99971144175281,0.99971144175281,0.99971144175281,397,514,184,338.265043948886,393.75,7852.03873614209,345639.036666667,0.0504955377679648,7654.981325416,0.738891624354694,8813.65559472612,0,1863.95893100004,1
1075609,-223,647,-281,242,1352,-29,4.5,1000,-135,3.84,1010.1,-132.59,0,995.720322691805,-99.9725549031873,99.5063817048937,1017.02799371502,145.558751025144,9986.64080808081,14185.7878787879,3643.67868686869,99.9331817169893,119.104105213833,60.3628916377329,2.66818337826101,4.77369172454394,2.28045140781279,-0.0572808947375829,0.191058640984794,-0.196189590216336,87,952,-135,3.63333333333333,1008.73333333333,-131.1,1,1,1,465,705,252,341.736826521114,407.603333333333,16039.0430946838,355144.936666667,0.116165071555067,11578.9726458192,0.672509788333871,17001.000506043,0,3235.16752321651,1
1077171,-213,752,-252,184,1247,0,-29,990,-155,-24.13,993.61,-149.84,0,982.867451187598,0,91.5045900488058,998.93157423319,158.710806185338,7869.52838383838,10710.5635353535,2764.74181818182,88.7103623250316,103.491852507111,52.5808122624767,2.44083870558499,2.90018229838695,3.44031026012342,0.238610168050175,0.133509630810213,0.499937762984055,-126,876,-155,-25.0777777777778,992.744444444444,-151.644444444444,0.991777033412778,0.991777033412778,0.991777033412778,397,495,252,336.795516621706,406.426666666667,10719.9088475912,343808.833333333,0.0948686929847487,8930.59654126099,0.407709083205322,12500.4645798044,0,2612.66952316923,1
1078734,-174,809,-271,271,1247,-29,-24,980,-155,-16.39,1003.14,-153.03,0,995.112356066975,-133.471936258291,89.1004489326513,1007.29451502527,160.284029148259,7747.73525252526,8436.74787878788,2295.74656565657,88.0212204671422,91.8517712338084,47.9139495935846,3.22363902288805,3.51837319550437,2.43798643126342,0.561947104896979,0.604930627985426,0.0982447720829001,-67,952,-126,-20.2666666666667,1000.46666666667,-153.366666666667,0.994575075478355,0.994575075478355,0.994575075478355,445,438,242,339.951326082491,409.5,9767.31246262785,349424.033333333,0.0764996363271081,8868.76128485098,0.28361783459895,10003.8843403264,0,1862.81394587153,1
1080296,-145,866,-223,320,1190,-58,0,1000,-155,12.39,1005.79,-148.54,0,1000.97499952298,-139.524497042985,82.3119067936104,1008.22554520306,152.563036152274,6688.62414141414,4954.77363636364,1223.58424242424,81.7840090813243,70.3901529786918,34.9797690447527,6.00725451243761,2.8351833114155,2.351868858821,1.3063581988619,0.304481667669583,0.0259453109301679,9,980,-155,6.74444444444444,1004.37777777778,-148.366666666667,0.999871756640849,0.999871756640849,0.999871756640849,465,324,165,340.171929247582,403.566666666667,7163.14563749622,348856.493333333,0.160710335651396,7339.4171420845,0.284770698358997,5870.87518234045,0,1106.93304947047,1
1081859,-184,780,-262,213,1152,-67,19,990,-174,12.57,996.43,-169.63,0,990.896569995804,-159.438350142346,82.6033292307277,999.120408159097,173.851229503849,6732.63141414141,5423.07585858586,1464.55868686869,82.0526136947594,73.6415362318431,38.2695530006386,2.90263757484851,3.08492367268811,2.69567178669939,-0.17470470957077,-0.196303251686062,0.31390195275578,-9,990,-194,13.6555555555556,997.777777777778,-169.966666666667,0.99919835426364,0.99919835426364,0.99919835426364,397,372,195,338.307283795701,410.57,7448.01883654248,345096.383333333,0.0852153874085678,7711.4418142622,0.196739218211102,6413.6047346235,0,1323.91401374801,1
1083421,-155,876,-281,233,1133,-38,48,1000,-179,39.25,998.13,-174.87,0,994.758014535982,-159.743385463392,91.0769454911615,999.796224237719,179.801640704416,6822.67424242424,3362.61929292929,1766.78090909091,82.5994808847141,57.988096131269,42.0330930231277,2.56538509821736,2.66966752194704,3.58661353499746,-0.148612670494935,-0.093459541747167,0.567753349670894,48,980,-213,40.3555555555556,997.855555555556,-176.444444444444,0.989587521222056,0.989587521222056,0.989587521222056,388,257,243,339.43236601632,416.023333333333,6897.83516169744,346738.71,0.139856661643196,7812.36251715851,0,3957.60416942987,0,1477.10707695035,1
1084984,-77,819,-349,262,1409,19,48,1000,-155,48.36,1001.71,-157.9,0,995.331145470586,-234.668178452294,87.1835993751118,1005.12473355301,170.02382186035,5315.44484848485,6922.02616161616,4015.84848484848,72.907097380741,83.198714903634,63.3707226157986,3.42665034980398,7.74447993953884,3.85321913263749,0.523259096754621,1.24565374559521,0.145888818920375,58,961,-174,45.0888888888889,997.733333333333,-159.166666666667,0.972867104360788,0.972867104360788,0.972867104360788,339,590,368,339.981075781814,409.81,7050.92518519243,348928.27,0.300166201320566,5762.11408281236,1.25343668404127,7406.10028939463,0,3805.31853462635,2
1086546,-165,828,-504,213,1152,29,58,1000,-165,46.25,992.68,-167.77,0,987.269240706657,-148.313848282914,93.1399484646626,995.33637530234,180.624776816471,6602.00757575758,5334.2602020202,4523.77484848485,81.252738881576,73.0360198944343,67.2590131393916,2.81440744530921,2.52974483831251,8.41010906517138,-0.425844130092974,-0.116663942782927,-0.831902682047277,67,1000,-165,48.4888888888889,993.5,-167.155555555556,0.98581503717892,0.98581503717892,0.98581503717892,378,324,533,337.685037223039,413.013333333333,6727.92039292793,343998.286666667,0.10681163681197,7507.37316352286,0.532676837990482,5734.96473771795,0,2823.47856203417,2
1088109,-165,876,-427,165,1133,223,38,1009,-155,38.84,1004.02,-151.74,0,1001.53284337002,-131.125975374361,78.521079972196,1005.26595485971,168.420782565573,4704.05494949495,2528.76727272727,5394.47717171717,68.5861133867123,50.2868498986293,73.4471045836197,2.89825657558215,3.08762507754769,11.6203432674114,-0.522454027382929,0.15448257498832,0.298344070211094,19,961,-184,41.6666666666667,1003.77777777778,-150.411111111111,0.978217665935425,0.978217665935425,0.978217665935425,330,257,650,340.300426156611,408.533333333333,5926.43521774395,348363.586666667,0.921676040216181,5067.06040854425,0,2686.01086355875,1.78619359176721,4297.5177786963,2
1089671,-155,847,-456,184,1200,184,58,1009,-155,41.6,1001.19,-148.38,0,995.585843916703,-133.331497250933,87.1191138614254,1003.96723552116,169.492300710091,5918.36363636363,5625.04434343434,6778.80363636364,76.9309016999257,75.000295622313,82.3334903691301,2.83809133158804,2.83679117700346,6.77494554616012,-0.667397131568448,0.0327303414578298,0.447971070734721,87,1009,-165,45.1555555555556,1000.31111111111,-150.322222222222,0.984426897800011,0.984426897800011,0.984426897800011,339,353,640,339.588417683045,409.59,9540.07376576012,348089.196666667,0.117694794654464,6294.12911207266,0.3122690936268,5574.84127587401,1.40754048805943,4328.16007496419,2
1091234,-135,714,-495,213,1247,320,58,1000,-155,41.55,997.11,-154.68,0,990.353615766299,-150.218022264093,83.9872014059285,1000.36237934061,179.748324053383,5381.2601010101,6562.15949494949,8468.24,73.3570726038744,81.0071570600369,92.0230405931036,2.51113727999039,4.17208058441777,11.5671870976609,-0.104233756025068,-0.170580961373494,1.04083499099595,58,1000,-184,41.2111111111111,997.577777777778,-156.688888888889,0.984426897800011,0.984426897800011,0.984426897800011,348,533,815,338.818558827896,410.746666666667,11924.1620212898,346696.066666667,0.145698466471914,5639.17734678941,0.330576102110922,5990.89688802305,1.29117088942779,5099.13896686276,2
1092796,-77,761,-592,233,1161,77,67,990,-165,65.62,1001.28,-170.24,0,995.701562067075,-193.854877465029,90.0585365193106,1004.03341577858,190.669924214597,3842.98545454545,5577.23393939394,7447.84080808081,61.9918176418909,74.6808806816975,86.3008737388029,2.80169078966715,3.10500453434637,8.28219457808609,-0.0821389435475041,0.0169038669421641,-0.80118671919554,67,980,-174,66.0888888888889,1001.16666666667,-169.422222222222,0.960362270315478,0.960362270315478,0.960362270315478,310,400,669,340.917139682919,416.58,9429.19651618391,350849.553333333,0,3954.49989527281,1.30830682130812,5400.07153080355,3.22368780239546,4122.96378477828,2
1094359,-67,800,-262,213,1171,155,87,1000,-135,82.79,999.04,-138.69,0,994.549527003246,-131.035352853302,98.4464829234646,1001.25396378741,148.563084243698,2866.18777777778,4473.31151515152,2864.72111111111,53.5367890125825,66.8828192823203,53.5230895138828,2.89476104828643,3.02947385143346,11.0527831418597,-0.121741128886158,-0.0513062081015475,1.08746514075257,97,942,-126,82.9222222222222,999.622222222222,-138.833333333333,0.939881438037007,0.939881438037007,0.939881438037007,280,371,417,338.274160009238,408.76,4832.49132496287,344757.4,0,2902.16360976409,0.983302095761391,5011.6407114112,0,1759.74401058899,2
1095921,-77,838,-233,184,1152,-48,77,1000,-155,75.72,995.93,-155.1,0,992.311258535138,-146.779889110575,89.1708472540213,997.736834039919,158.472205764923,2240.32484848485,3638.61121212121,1068.11111111111,47.3320699788721,60.3209019504948,32.6819692049165,3.51014448423426,2.97729616004252,3.40559232979072,-0.315381537250429,0.109866354113043,0.117826131172147,106,1019,-145,76.5888888888889,995.1,-155.1,0.937009825269208,0.937009825269208,0.937009825269208,261,314,185,337.445939770875,410.003333333333,3811.10881753599,342847.89,0,2507.30047148204,0.459081649774882,4250.60894237376,0,930.199866777622,2
1097484,-106,923,-242,126,1142,0,38,1000,-126,36.08,1009.72,-122,0,1007.16569470436,0,54.643938364653,1011.01469821165,127.81283190666,1701.20565656566,2642.66828282828,1466.78787878788,41.2456743982403,51.4068894490639,38.2986668017031,4.09677813482997,2.4927420909193,3.6416255880915,-0.607384340951175,0.35190021134923,0.186113830181205,29,1000,-135,37.6,1008.23333333333,-122.444444444444,0.970950594454669,0.970950594454669,0.970950594454669,232,219,242,339.732655283579,392.593333333333,2855.80488655051,347157.6,0,1669.59190582808,0,2867.3194773809,0,1034.52445704292,2
1099046,-87,790,-271,165,1257,9,58,1009,-145,52.26,1004.9,-141.92,0,998.499933224819,-142.14558894333,80.5241578658231,1008.08814098768,150.864243609942,3790.94181818182,6482.51515151515,2645.18545454545,61.5706246369307,80.5140680348171,51.4313664464153,2.05480454430206,3.52086898410358,3.23153978346752,-0.264740877666494,0.169727075212327,0.135789365799262,106,1000,-155,53.2111111111111,1004.11111111111,-141.888888888889,0.981453895033654,0.981453895033654,0.981453895033654,252,467,280,339.829794721631,405.046666666667,7091.36603096832,348495.286666667,0.121876951392722,4363.92868143688,0.404951096710556,7566.49943984913,0,2480.41848143366,2
1100609,-242,638,-252,300,1371,0,19,990,-150,27.36,998.48,-144.07,-209.053596577109,986.639914896409,0,110.239557328574,1004.13295932361,156.941804500904,11519.3842424242,11435.04,3913.70212121212,107.328394390414,106.934746457828,62.5595885633219,3.04202621641077,6.45160613672778,2.68865700429888,0.209962332670443,0.200843945871826,0.565975210202953,-48,933,-184,25.7666666666667,997.711111111111,-146.088888888889,0.99948698095089,0.99948698095089,0.99948698095089,542,733,252,338.93756100497,410.196666666667,12564.3848614783,348355.496666667,0.11363720084595,13318.8342933385,0.794313170552118,13519.7294376627,0,3857.71457744843,2
1102171,-165,638,-271,349,1485,-9,-29,1000,-126,-15.78,1011.23,-130.29,0,993.170037957114,-89.0420811581254,89.2161420371897,1020.5504152172,141.782192111703,7788.39555555555,19128.3203030303,3158.28878787879,88.2518869801409,138.305170919349,56.1986546803283,5.33299149237195,4.69836597464845,3.07678846955577,1.10462748314051,0.707473195941971,-0.272297156757226,-58,1028,-116,-20.9888888888889,1005.11111111111,-129.511111111111,0.992774453987808,0.992774453987808,0.992774453987808,514,847,262,341.731238933912,403.64,19148.1184625369,356528.286666667,0.21825038218004,9088.86583955941,0.384299491806419,22849.8208792522,0,3190.6492142023,1
1103734,-233,676,-271,359,1419,-29,-24,980,-140,-2.52,1003.03,-146.39,0,983.333141218117,-121.007517896072,132.46184356259,1013.32637881385,156.021761302711,17716.9591919192,20970.8778787879,2942.1796969697,133.105068242795,144.813251737498,54.2418629562969,2.88657402762919,3.55367142414933,2.43429605768818,0.574130525534188,0.665772280964804,-0.101852766773323,-29,866,-126,-8.17777777777778,998.444444444444,-145.766666666667,0.996791631981637,0.996791631981637,0.996791631981637,592,743,242,341.392943157401,418.173333333333,21254.8111022163,356239.76,0.082789437035705,21134.3967131015,0.252799666630867,25190.1117312539,0,2747.33032193956,1
1105296,-145,800,-262,271,1266,-77,-19,995,-165,-10.87,997.26,-162.46,0,990.378998932114,-145.258614984668,77.8348893491858,1000.78649071618,170.401877923924,6000.11424242424,7117.26505050505,2670.25090909091,77.4604043523157,84.3638847523337,51.6744705738812,4.47745958622652,3.66244962558059,1.81900694307081,1.01603076498162,0.515891408168334,-0.101956625793775,-58,1009,-126,-15.7444444444444,994.244444444444,-162.011111111111,0.991777033412778,0.991777033412778,0.991777033412778,416,466,185,338.264512029326,406.576666666667,7891.26602931664,345556.223333333,0.1230856026648,6895.29045983032,0.78960350200181,8351.28152359167,0,2171.75845112862,1
1106859,-213,647,-262,291,1314,-48,-29,995,-165,-19.22,997.82,-162.14,0,980.421504425516,-141.385885403833,106.697891263136,1005.92499720407,169.875248344189,11126.2945454545,16404.3915151515,2594.16202020202,105.481252104128,128.079629587033,50.9329168632822,3.2541062732405,3.59921640312907,2.31016207021498,0.594419464636849,-0.156001896965373,0.240706321038965,48,952,-116,-24.0444444444444,998.788888888889,-163.066666666667,0.995378438820226,0.995378438820226,0.995378438820226,504,667,214,339.309687446443,415.186666666667,17674.9182693511,350709.046666667,0.142474418132254,13186.4762962139,0.346911069237127,19574.869138003,0,2556.46948176833,1
1108421,-126,819,-233,97,1276,-29,-24,1009,-130.5,-23.58,1009.41,-137.09,0,1004.25106017173,-116.647442354167,56.5374212358505,1012.01776170184,145.400928470213,2667.13494949495,5324.64838383838,2371.47666666667,51.6443118793827,72.9701883226183,48.6978096701142,2.26585885892931,4.60915666329227,2.11543016209994,0.0427407315463965,0.408047939326239,-0.0971303622635019,-58,980,-116,-23.8222222222222,1007.94444444444,-136.933333333333,0.991777033412778,0.991777033412778,0.991777033412778,223,457,204,340.464157240096,397.546666666667,5334.92167374534,349505.953333333,0,3066.374865889,0.64297509421111,6252.57155409153,0,2432.31462448356,1
1109984,-155,904,-271,106,1152,-9,-24,1000,-165,-20.58,1006.25,-146.62,0,1004.02111969306,-102.248366614277,60.6163344322304,1007.37924834692,157.015413256151,3283.64,2296.85606060606,3188.29858585859,57.3030540198339,47.9255261901845,56.4650209055003,2.74940103519291,3.02947814607305,2.42695268276792,-0.0611507745379961,0.37991182323859,0.366346790935409,-29,990,-165,-20.2777777777778,1005.08888888889,-147.966666666667,0.990714754613131,0.990714754613131,0.990714754613131,261,248,262,340.08172784047,400.416666666667,3333.01457704357,347713.71,0,3492.10782519853,0,2676.58277547262,0,3229.51012829842,1
1111546,-174,828,-233,135,1180,-29,-19,1000,-135,-16.79,1002.96,-137.39,0,999.911563899875,-116.729796208693,65.4683893188155,1004.45339364253,145.489071754548,4044.65242424243,3028.1397979798,2314.1998989899,63.597581905623,55.0285362151293,48.1061316153138,2.96376790755769,4.59089408286074,2.0778230367585,-0.115796414943591,-0.159062763501106,0.0015692571738802,-19,1000,-174,-16.7111111111111,1003.45555555556,-137.5,0.996117268879145,0.996117268879145,0.996117268879145,309,352,204,338.531787046223,397.1,5006.40307409038,344793.266666667,0.0985336705126399,4752.50755358044,0,3513.0703523955,0,2568.42856509465,1
1113109,-262,838,-213,213,1114,0,9,1009,-135,7.9,1007.75,-136.06,0,1004.82119084036,0,109.61915890938,1009.16889072147,141.926248453202,12074.696969697,2890.69444444444,1647.20848484848,109.884926034907,53.7651787353529,40.5858163013692,2.43966710968578,3.48586590642388,3.18913216445793,-0.349202600257957,-0.445175531311738,0.50641164957852,0,1019,-155,10.9333333333333,1009.61111111111,-137.744444444444,0.999967939872718,0.999967939872718,0.999967939872718,475,276,213,341.185427733884,411.516666666667,12079.411087863,350193.756666667,0.0333041544479505,14249.2488156252,0,3442.75482509066,0,1670.44285044458,1
1114671,-116,866,-436,223,1161,-29,4.5,1000,-184,10.43,994.05,-197.03,0,991.058841203925,-170.155005636246,62.6439941255345,995.569048333665,205.294154812065,3854.02535353535,3052.85606060606,3358.45363636364,62.0807969788996,55.2526565931998,57.9521667961055,3.51719570452399,3.72454057610057,6.37443138492623,0.46911730996152,0.434065231278128,-0.564521205245318,19,1000,-184,8.67777777777778,992.4,-196.422222222222,1,1,1,339,295,407,338.954113010137,413.356666666667,4548.80818169228,345742.563333333,0.20747555202186,4321.30267559862,0,3551.8796013954,0,3497.30967411608,1
1116234,-233,847,-398,165,1276,67,-19,1000,-184,-28.22,993.7,-184.28,0,990.717314928619,0,87.0395312487378,995.227903547725,196.370415287028,6847.99151515152,3069.58585858586,4648.70868686869,82.752592195964,55.4038433557263,68.1814394602276,3.17519767161186,9.27285891556222,5.47233962516865,-0.374442936790168,0.832978047962428,0.343084920606191,0,1009,-184,-26.5111111111111,993.366666666667,-185.6,0.992774453987808,0.992774453987808,0.992774453987808,398,429,465,338.817032520257,414.953333333333,7712.14881085624,345538.6,0.217070866827363,7300.76606783495,0,3219.55338054533,4.77146362846111,4135.32201657146,2
1117796,-184,752,-291,194,1219,38,0,1019,-165,3.19,1007.67,-156.07,0,999.205456555612,-115.140749326553,66.9531926049834,1011.74500245862,171.678740675717,4517.73121212121,8312.24353535353,5167.41929292929,67.2140700457963,91.1715061592904,71.8847639832621,3.37981015539938,2.73084072860025,3.15059687327185,0.0618721653107784,-0.234086237173462,0.625760435581454,-9,990,-194,3.33333333333333,1008.77777777778,-159.088888888889,1,1,1,378,467,329,341.405138345473,406.003333333333,9341.7308931639,352528.09,0.314124081517437,4423.10455369585,0.339388029969119,9523.46893338658,0.963002608233447,4646.72032297125,2
1119359,-145,866,-291,165,1114,77,0,1000,-184,3.88,994.95,-172.08,0,991.730310777816,-157.098286818613,61.3419921424142,996.522077025893,181.178420348561,3785.64202020202,3162.37121212121,3246.55919191919,61.527571219755,56.2349643204405,56.9785853801162,2.57187334873026,2.61374837360094,5.63670298827827,0.220605489357493,-0.317701873879296,0.932132336347769,0,1009,-184,2.8,995.822222222222,-174.088888888889,0.999871756640849,0.999871756640849,0.999871756640849,310,248,368,337.66240696875,406.116666666667,4952.60052301643,343214.903333333,0.35076869718424,4099.5675479821,0,3488.54048424255,0,2592.65004392811,2
1120921,-106,828,-330,242,1123,116,4.5,1000,-165,19.21,998.89,-156.5,0,995.387253347758,0,76.5218269515306,1000.61390655937,171.717034682061,5541.98575757576,3481.77565656566,5044.93939393939,74.4445146238174,59.0065729945881,71.0277367930261,3.04271124260087,2.80909676436855,5.83268834677624,0.641021071375785,-0.1432714797352,1.00381895190425,-9,990,-194,16.1777777777778,999.455555555556,-159.788888888889,0.999871756640849,0.999871756640849,0.999871756640849,348,295,446,338.681672313342,405.993333333333,8126.69455404004,345523.506666667,0.352324163614019,5416.41149788267,0,3509.25025939529,7.43504917294108,4319.245316105,2
1122484,-300,771,-446,223,1238,106,19,1004.5,-160,11.97,1006.97,-150.79,0,1000.85441706241,0,109.003348572418,1010.02043048643,181.859258768972,11857.0192929293,6214.83747474747,10439.5615151515,108.889941192606,78.8342404970548,102.174172446619,2.95423158414524,3.89352880041652,3.42607931578499,-0.388282594676491,0.216186234007742,0.296282513357334,19,1028,-155,15.0111111111111,1005.76666666667,-151.788888888889,0.990714754613131,0.990714754613131,0.990714754613131,523,467,552,342.840626721232,417.816666666667,13429.9567897773,355031.93,0.319515401086732,11842.665919969,1.47950412924552,6636.94361267193,3.9385769962139,9528.57912048651,2
1124046,-165,819,-572,223,1276,174,38,1009,-150,34.9,1002.08,-152.43,0,994.497705444767,0,82.7820028750211,1005.85172863599,195.110558402153,5691.76767676768,7649.87232323232,14983.0556565657,75.4438047606805,87.4635485401337,122.405292600302,3.12014185497387,2.7703414135214,4.62489810508275,-0.270079883255593,0.106728390430972,-0.397109862456842,87,1066,-213,36.3,1001.72222222222,-149.955555555556,0.978217665935425,0.978217665935425,0.978217665935425,388,457,746,341.129255049384,411.503333333333,17724.4276706547,352219.563333333,0.917672656838167,4292.89368753553,1.13593366065725,8002.12083797505,3.2349671686188,11098.933117236,2
1125609,-116,780,-233,291,1380,48,38,995,-145,58.38,1001.22,-140.87,0,990.207708084354,-100.139820892845,105.594318028955,1007.00581924833,151.645672539641,7820.13696969697,11736.5975757576,3183.89202020202,88.4315383203129,108.335578531513,56.4259870999349,2.67888736230463,3.68104602423882,3.40434481012882,0.457813592927762,0.715097552591911,0.749094904110503,29,933,-174,55.8,996.433333333333,-143.6,0.98581503717892,0.98581503717892,0.98581503717892,407,600,281,339.420752225901,407.743333333333,13484.5849384724,349402.43,0.196440636121705,8685.64456145663,0.625110153057135,13411.9010310362,0,2902.28911197553,2
1127171,-233,590,-262,281,1409,77,0,1000,-130.5,-0.26,995.85,-126.19,0,974.424504426744,0,109.573445688269,1005.6203707165,143.463619081633,12127.5478787879,19752.6338383838,4704.94333333333,110.125146441618,140.544063689591,68.5925894928405,2.51466030099016,4.1469813542466,3.46121285388495,0.00128465726425479,-0.12130546331025,0.721210751706331,67,1000,-106,-0.711111111111111,997.122222222222,-129.944444444444,0.99971144175281,0.99971144175281,0.99971144175281,514,819,339,337.360807249757,405.833333333333,20380.3857364677,347953.493333333,0.124132352199087,13520.9466200304,0.338144037307227,23213.5710083581,0,3381.17687501547,2
1128734,-174,714,-291,271,1428,165,-33.5,1009,-130.5,-15.3,1014.58,-130.69,0,996.810690756073,0,101.779762231988,1023.30648390402,153.054010074875,10227.303030303,17963.2157575758,6409.75141414142,101.130129191567,134.026921764158,80.0609231407021,3.08273768490005,3.05365148304264,4.04330628070001,0.774983803480873,0.153287076117742,0.696390626863174,-77,1057,-116,-21.3333333333333,1013.71111111111,-134.2,0.99919835426364,0.99919835426364,0.99919835426364,445,714,456,343.720471253323,412.47,18085.8776500519,360313.603333333,0.41105654121176,11288.5751612123,0.497761841599445,20366.7084452838,1.09080823685455,5235.62690559934,1
1130296,-213,761,-310,291,1390,67,-29,990,-160,-16.93,1002.63,-157.51,0,990.441655991883,-132.783228832602,111.077045333408,1008.84496826817,168.655062183143,12173.2172727273,12627.5283838384,3671.84838383838,110.33230384945,112.372275868376,60.5957785975094,3.30649129031943,3.746043332641,4.36962565669279,0.798740638690562,0.471343391941782,0.316097566656063,-29,990,-203,-23.0222222222222,999.8,-158.211111111111,0.992774453987808,0.992774453987808,0.992774453987808,504,629,377,340.884641366405,417.236666666667,15471.4572230312,352850.27,0.283911116376069,14091.5644835015,0.438531546228824,14886.0908253016,0,3736.31247554452,1
1131859,-155,876,-242,87,1123,-116,-29,1004.5,-184,-31.91,996.55,-180.97,0,993.634765467275,-176.685510469436,61.8332434860084,997.99263023331,183.022922061692,2833.43626262626,2906.45202020202,754.797070707071,53.2300315858094,53.9115202920676,27.4735704033362,2.48734791446393,2.4480166898007,2.78355864447481,-0.287103383360288,-0.101095515930504,-0.036426962449371,-9,1038,-184,-30.8222222222222,996.444444444444,-180.855555555556,0.978217665935425,0.978217665935425,0.978217665935425,242,247,126,338.395277051459,408.443333333333,3279.38811177403,344436.676666667,0,3018.61111672937,0,3353.98814074928,0,559.362349595918,1
1133421,-155,914,-242,0,1095,-106,-67,990,-194,-70.41,990.95,-195.95,0,989.547236451391,-192.909800840956,80.315067079596,991.657576989154,197.287632658512,1508.02212121212,1417.01767676768,531.320707070706,38.8332605019476,37.6432952432127,23.0503949439203,2.44831728183165,2.8496556776911,4.63935769397448,-0.380559392818522,0.308197597608259,0.483121244826195,-77,990,-184,-69.4444444444444,989.877777777778,-196.744444444444,0.91829583405449,0.91829583405449,0.91829583405449,155,181,136,337.85908515747,419.103333333333,1545.00017856661,342919.223333333,0,1526.37868212857,0,1588.20839692051,0,311.466975107501,1
1134984,-135,933,-252,9,1066,-135,-67,990,-189,-69.95,995.55,-188.98,-67.1125999547524,994.642414774285,-186.564825511362,75.5194676888019,996.005587333726,190.165559447551,818.371212121212,916.492424242424,454.04,28.6071881197928,30.2736258852887,21.3082143784973,3.10529024195991,2.45364140867685,3.1213000865801,0.301931355797036,0.180971806059457,-0.102831855573276,-67,990,-194,-70.5222222222222,995.011111111111,-188.988888888889,0.92481870497303,0.92481870497303,0.92481870497303,144,133,117,338.791246322506,418.28,1000.56813387979,344631.086666667,0,779.669911816822,0,971.90816725865,0,392.097918860329,1
1136546,-155,933,-242,19,1076,-116,-58,990,-194,-56.56,993.59,-191.13,0,992.924766202861,-188.024352371972,67.2715393015501,993.924972017506,192.562535296978,1339.82464646465,672.486767676768,555.205151515152,36.6036152103128,25.932349829446,23.5627916749088,2.48420950258907,3.76321364219756,3.22790707138996,-0.290756073396823,0.346821887126961,0.286801967000791,-29,990,-203,-55.8333333333333,993.022222222222,-191.577777777778,0.927972814719956,0.927972814719956,0.927972814719956,174,143,126,338.097533108236,414.006666666667,1343.98920584258,343164.213333333,0,1361.17961773547,0,653.854093895447,0,363.141923221323,1
1138109,-184,933,-262,29,1066,-126,-58,1000,-184,-62.23,995.84,-182.18,0,995.081305437923,-177.031260617527,77.9012836864708,996.219694645714,184.706469837957,2218.21929292929,764.014545454545,936.290505050504,47.0979754652925,27.6408130389565,30.5988644405394,2.17712774331639,2.84179321975124,2.70667125616271,-0.0389296902189354,0.0905491395213285,-0.187507816119325,-97,1009,-184,-62.1555555555556,995.644444444444,-181.333333333333,0.948078243593905,0.948078243593905,0.948078243593905,213,133,136,338.594439549856,414.416666666667,2227.2038971572,344212.923333333,0,2439.86965552685,0,686.000416988399,0,789.9839873492,1
1139671,-165,914,-262,0,1057,-126,-77,990,-184,-76.01,995.86,-183.99,0,995.039035065315,-179.618780705591,82.8326626398065,996.268809107261,186.176770838899,1094.67666666667,822.626666666667,817.646363636364,33.08589830527,28.6814690465232,28.5945163210774,2.75232616913186,2.80063141023538,2.89294206105486,0.0925832664380001,-0.0827683634536403,-0.304691232444243,-77,980,-174,-76.2888888888889,996.077777777778,-183.344444444444,0.91829583405449,0.91829583405449,0.91829583405449,165,143,136,338.818624200759,418.62,1152.00522709278,344691.526666667,0,1037.38253911387,0,881.462108603537,0,696.458268480442,1
1141234,-135,914,-252,29,1142,-126,-58,1000,-174,-60.07,997.44,-177.77,0,995.593203371238,-173.333492975924,69.4320531166982,998.379557082375,179.929847440607,1224.65161616162,1894.12767676768,780.380909090909,34.9950227341206,43.5215771401689,27.9352986218316,2.57302215001245,3.60948519862041,2.40172725654735,0.000811915957795963,0.511740775195529,-0.0839117632913305,-38,1009,-184,-60.0666666666667,996.044444444444,-177.711111111111,0.92481870497303,0.92481870497303,0.92481870497303,164,228,126,338.645508459699,412.013333333333,1962.81337688645,344652.433333333,0,1300.02798357122,0,2166.25933707668,0,642.599381644909,1
1142796,-203,895,-203,77,1133,-77,-77,1000,-165,-70.1,999.19,-162.16,0,997.440412682468,-156.410440410549,87.7239989968538,1000.07450222471,164.399756690818,2809.58585858586,1786.21606060606,738.802424242424,53.0055266796384,42.2636493999993,27.180920224349,4.06590326923354,4.22497478863678,3.74169239045415,0.456899570414556,0.402046132608307,0.893056183107106,-77,1000,-174,-70.9777777777778,998.188888888889,-163.755555555556,0.945415365310838,0.945415365310838,0.945415365310838,280,238,126,338.814360321129,413.11,3398.33157729717,344957.263333333,0,3097.01405696345,0,2040.69294039745,0,607.462801518576,1
1144359,-252,857,-262,242,1276,-29,19,990,-135,10.28,990.11,-138.85,0,985.811789619504,-122.943791038344,100.012799180905,992.388306057664,144.871011593072,9996.85010101009,4562.36151515151,1725.54292929293,99.9842492646221,67.545255311913,41.539654900985,3.07181627062047,6.16109497668186,2.98903113389551,-0.510013435910017,1.1449698078543,-0.0154199807468076,67,1009,-116,13.4777777777778,985.777777777778,-138.911111111111,0.998428494711564,0.998428494711564,0.998428494711564,494,419,233,335.24931319515,402.72,10369.6856838783,338608.24,0.0983282129479231,10064.9447005768,0.357841169583037,5275.15503878874,0,1460.54759136438,1
1145921,-262,942,-203,116,1133,-9,-106,1009,-58,-96.96,1013.55,-76.47,-319.489497164367,1012.13654812762,-56.2426669016532,154.055509476292,1014.27759020891,87.7845658416102,14476.6246464646,1490.33080808081,1877.24151515151,120.318845766009,38.6048029146738,43.32714524581,1.74021708026833,3.35001686649766,3.46585176440902,0.328860716715048,0.849224513707433,-1.14016314772035,77,1009,-48,-99.5222222222222,1011.62222222222,-73.3666666666667,0.981453895033654,0.981453895033654,0.981453895033654,378,191,194,343.030189858156,408.44,15723.4959643697,353399.42,0.0585238780919779,11676.6385230174,0,1457.26084017158,0,1584.93013022671,1
1147484,-320,942,-106,-242,1009,0,-281,980,-58,-283.51,976.74,-58.97,-282.450276804227,976.494066992623,0,284.030896206733,976.86262084287,62.9443404922158,298.616060606061,241.972121212121,489.423333333334,17.2805110053511,15.5554531021157,22.1229142143013,3.03634079297004,2.18906321957962,2.60673932517895,0.139561762126017,-0.15493070500518,0.141708059043426,-291,980,-77,-283.677777777778,976.944444444444,-59.2,0.91829583405449,0.91829583405449,0.91829583405449,78,67,106,339.711570272663,439.74,505.027364069207,346298.706666667,0,307.195171783811,0,238.067782102936,0,409.885359429509,1
1149046,-320,914,-233,165,1085,-58,-276,980,-97,-159.7,977.99,-120.49,0,977.189371040548,-104.78999024173,234.087633163309,978.399749591137,129.33997835163,29588.8181818182,809.727171717172,2233.32313131313,172.014005772257,28.4557054334833,47.2580483231495,1.58455508840512,5.03891454596718,2.06169181273349,0.622516990039733,0.912151430353076,-0.668576354684173,-281,980,-87,-167.522222222222,976.555555555556,-118.522222222222,0.982973228491819,0.982973228491819,0.982973228491819,485,171,175,337.982027237357,434.64,31291.2047505371,342930.64,0.0312631480912694,22819.9886623723,0,862.885371846495,0,1718.54668371335,1
1280593,-87,914,-223,126,1076,-126,0,1000,-165,8.78,999.33,-165.67,0,998.460061728115,-163.601036893573,47.4647237430073,999.756295304011,166.696160723635,2197.78949494949,860.809191919192,344.506161616162,46.8805876130995,29.3395499610882,18.5608771779828,2.80917160796622,3.85069342886849,2.78016224666618,0.672217980832351,-0.60177205843871,-0.141111948740785,0,1009,-165,6.84444444444444,1000.36666666667,-165.577777777778,0.998428494711564,0.998428494711564,0.998428494711564,213,162,97,338.082947330576,400.346666666667,2306.96853647683,343184.386666667,0,2374.77360048073,0,898.700680195278,0,315.791485410387,1
1282156,-145,933,-252,48,1057,-126,0,1000,-174,-1.9,996.99,-178.76,0,996.332816629267,-176.890678552739,22.209007181772,997.314659473127,179.655448010908,494.575757575758,654.01,324.184242424242,22.2390592781205,25.5736192198132,18.0051171177597,18.7274586873425,3.3028861426393,5.5681778237228,-2.48438914776799,-0.407833976367589,-0.0331694429729134,-9,1009,-174,-0.944444444444444,997.555555555556,-179.055555555556,0.994575075478355,0.994575075478355,0.994575075478355,193,124,126,337.756967399852,396.616666666667,713.333930500374,342468.616666667,0,421.54714274016,0,719.159246897238,0,275.08097299349,1
1283718,-233,923,-563,58,1076,-126,9,1000,-174,0.82,997.64,-182.44,0,996.87544444497,-177.735348067691,34.640438796297,998.02163303207,187.359600768149,1211.40161616162,769.303434343435,1837.64282828283,34.8051952467102,27.7363197692743,42.8677364492555,21.6860201687144,3.56964149749795,63.4956766403232,-3.04327331759541,0.0173898196813482,-7.04174479965638,9,1000,-184,2.73333333333333,997.755555555556,-179.144444444444,0.999871756640849,0.999871756640849,0.999871756640849,291,153,437,338.541519342908,400.686666666667,2018.68862119813,344116.92,0,1083.63691506873,0,809.523795712219,0,1376.39146872294,1
1285281,-58,923,-223,126,1066,-116,19,995,-184,26.44,995.24,-177.78,0,994.486548215276,-175.398508289428,50.3726116059114,995.617205556433,178.871741759284,1856.89535353535,758.547878787879,393.304646464646,43.0917086402402,27.5417479254291,19.8319098037644,2.51416242681141,2.73208911256408,3.18224025075479,0.384588151134901,0.100768687392959,0.487115694607708,9,980,-184,25.4888888888889,995.1,-178.3,0.989587521222056,0.989587521222056,0.989587521222056,184,143,107,337.472806996272,403.953333333333,1926.33136367638,341928.706666667,0,1886.43284437074,0,767.802898342426,0,296.372674175496,1
1286843,-135,866,-252,135,1066,-87,29,990,-184,22.42,998.28,-184.18,0,997.159905555786,-175.691775692081,64.5814214770781,998.833459591738,187.450206721678,3705.15515151515,1116.48646464647,1227.58343434343,60.8699856375468,33.4138663528552,35.0368867672833,2.47062098737286,4.15631682680579,3.61800925040587,-0.438827894921781,-0.233410970917348,0.674070059287651,0,990,-174,23.8444444444444,998.466666666667,-186.033333333333,0.992774453987808,0.992774453987808,0.992774453987808,270,200,165,339.239772827217,412.286666666667,3770.01515488172,345658.873333333,0.158748978887741,4207.64777779822,0,1036.7452172114,0,747.495079194069,1
1288406,-97,914,-242,135,1085,-97,9,1000,-174,14.48,997.27,-178.04,0,996.213208946072,-173.972657951505,55.777056214899,997.798221084804,179.861891461199,2930.71676767677,1064.48191919192,658.644848484848,54.1360948691053,32.6263991147034,25.664077004343,2.17799369369667,2.80077379301725,3.63012995013779,0.235599807756484,0.0564691743730981,0.26082474747481,-38,1000,-165,14.0444444444444,997.122222222222,-178.555555555556,0.99971144175281,0.99971144175281,0.99971144175281,232,171,145,338.282429193894,406.603333333333,2982.25798034058,343687.556666667,0,3170.80392271037,0,1121.98265940127,0,609.046612924054,1
1289968,-97,885,-252,126,1123,-58,19,990,-165,24.52,995.87,-166.67,0,992.706087355508,-161.294587699749,53.2554222591465,997.473733990023,168.674094039363,2257.48444444444,3229.08393939394,678.849595959596,47.5129923751856,56.8250291631596,26.0547422930951,3.02837709924586,2.41756398043868,5.97423294613304,-0.340166285752596,0.33087268755839,0.601914147503328,19,952,-155,26.0666666666667,994.733333333333,-167.344444444444,0.98581503717892,0.98581503717892,0.98581503717892,223,238,194,337.150051733196,401.76,3513.18492576065,342080.313333333,0,2308.14180703695,0,3758.76726997259,0,371.120040977667,1
1291531,-58,933,-242,145,1066,-77,48,1000,-165,49.5,1002.49,-163.29,0,1001.6184903707,-152.383953610198,66.5950448607102,1002.92232500827,168.190219691872,2004.69696969697,875.747373737374,1640.73323232323,44.7738424718827,29.5930291409544,40.5059653918189,2.61589238292718,2.40407209820154,2.1055911351907,-0.359363504852845,-0.22072028569478,0.0615042011724392,48,1000,-116,50.5888888888889,1002.82222222222,-163.344444444444,0.966917009359681,0.966917009359681,0.966917009359681,203,133,165,339.582169630604,407.58,2692.42151358777,346192.013333333,0,2021.52652199555,0,893.362895831499,0,1116.51262458135,1
1293093,-77,866,-262,252,1171,-58,67,990,-184,77.38,992.83,-184.5,0,989.286264169638,-170.134650197472,106.370954682188,994.649098928863,190.167978377013,5380.92484848485,3651.9405050505,2145.06060606061,73.3547874953288,60.4312874680865,46.3147989962237,2.76182003861005,3.13097868391291,2.34659003998663,0.418307529083826,0.561812988672364,0.33415346525778,29,942,-223,75.9111111111111,990.522222222222,-185.855555555556,0.962614705998252,0.962614705998252,0.962614705998252,329,305,204,338.879960166171,420.71,6237.05474649895,345601.823333333,0.0624503302361606,5561.04275526883,0.624107472958511,4321.57028937246,0,1603.73767197612,1
1294656,-145,809,-398,233,1504,-48,38,980,-174,42.96,990.69,-186.93,0,977.867784391169,-162.122978004479,99.9544896440375,997.848911408937,197.357062199456,8227.61454545455,14379.5695959596,4047.4596969697,90.7061990464519,119.914843101092,63.6196486705931,2.16179221272964,6.73911635491218,3.36810281599963,0.0957607951840579,1.38561302820829,-0.374226477137557,-48,1019,-155,42.8777777777778,981.233333333333,-185.644444444444,0.996791631981637,0.996791631981637,0.996791631981637,378,695,350,338.390690774726,419.5,14531.4057553237,348214.386666667,0.0715058484225051,8927.38148078162,0.260422923699158,17167.2820759486,0,3661.65065735901,1
1296218,-184,733,-310,378,1323,-9,-19,990,-165,-1.46,1006.17,-168.6,0,992.872510735888,-115.733450102448,119.707393255388,1012.96684545942,179.397993299814,14472.4529292929,13862.3849494949,3795.63636363637,120.301508424844,117.738629809825,61.6087360983519,3.26067299857648,3.20686329193836,2.67770517546775,0.722843474458366,0.457922285751264,-0.0693260409245831,-116,942,-165,-8.31111111111111,1003.63333333333,-168.3,0.99948698095089,0.99948698095089,0.99948698095089,562,590,301,342.985047075769,423.723333333333,18271.5189499346,357538.443333333,0.147318756199498,16411.1484489905,0.8220325183414,16457.5264578268,0,3239.98180578185,1
1297781,-184,752,-291,310,1238,-9,-33.5,1000,-165,-16.22,988.01,-159.88,0,977.883386528276,-110.257510842871,101.386192353791,992.876583468459,169.158209969247,10117.244040404,9737.52515151515,3083.72282828283,100.584511931033,98.6788992212375,55.5312779276943,3.38485776335703,2.95353962841918,3.31747768532384,0.83123111089148,-0.172948215959844,0.195865021610642,-77,1028,-184,-21.2555555555556,989.166666666667,-160.122222222222,0.991777033412778,0.991777033412778,0.991777033412778,494,486,282,335.834927897991,409.683333333333,11918.0123570634,341565.856666667,0.0749150578921181,11668.8529858723,0.579622070967247,10949.7329038208,0,3036.17060630479,1
1299343,-242,780,-300,398,1590,19,-58,1000,-165,-35.63,1005.34,-153.68,0,996.48673743295,-118.933859183938,132.487395626905,1010.50066798592,166.346926632265,16447.892020202,10508.1660606061,4094.70464646465,128.249335359689,102.509346210997,63.989879250274,3.6625200891671,13.3566403072998,2.35304199610531,0.854829578573824,2.26847721778444,0.377931813486768,-9,990,-203,-42.9333333333333,997.833333333333,-155.711111111111,0.98581503717892,0.98581503717892,0.98581503717892,640,810,319,342.478895577288,422.256666666667,20099.4289480261,355445.27,0.0870379626164068,19270.706227697,0.871662667191076,12315.263561811,0,2835.14740692097,1
1300906,-271,819,-291,262,1314,-58,-19,990,-194,-13.08,998.47,-184.88,0,991.487449903378,-172.357480090317,117.285122671207,1002.18831064825,189.387222377857,13721.9329292929,7514.21121212121,1703.94505050505,117.140654468433,86.6845500197193,41.2788692978024,2.52344573294865,4.64639312091697,3.66472939594328,0.228029372028211,0.989661488402716,0.410015903165207,-97,1000,-203,-15.1888888888889,993.588888888889,-185.822222222222,0.997947193223724,0.997947193223724,0.997947193223724,533,495,233,341.085964229035,426.31,13739.3476533954,351334.91,0.069553829534315,16098.8716834975,0.201250905511259,8947.90953863222,0,1640.97363099219,1
1302468,-281,800,-281,184,1257,-87,0,1000,-194,-10.32,997.74,-195.37,0,992.020410595788,-186.67962184922,98.1316462717303,1000.69544817592,199.164981861772,9619.51272727273,5965.93171717172,1512.37686868687,98.0791146334057,77.2394440501206,38.8892898969224,2.52469946037952,4.17495052314578,2.6525905828097,-0.341058697567592,0.655847845619374,0.207267476801222,-29,971,-174,-8.33333333333333,994.144444444444,-195.977777777778,0.999967939872718,0.999967939872718,0.999967939872718,465,457,194,340.772566147231,424.35,9654.16782184061,350229.296666667,0.0368339782041007,11083.7285626195,0.9055801102138,7044.54115160368,0,1398.80783944568,1
1304031,-116,885,-300,145,1066,-145,0,980,-223,7.18,985.46,-222.09,0,983.689786161012,-216.73080673944,54.0939922727099,986.341989372854,224.593299098615,2903.64404040404,1756.67515151515,1129.47666666667,53.8854715150943,41.9127087112626,33.6076876126083,2.88469521292058,2.73020289885059,2.55240610671706,0.320245002884398,0.00232019584194377,0.168467185577197,-9,971,-233,6.25555555555556,986.333333333333,-222.344444444444,0.99948698095089,0.99948698095089,0.99948698095089,261,181,155,337.410393363654,416.65,3072.95095243963,342079.61,0,3259.11578005738,0,2023.96521753501,0,881.782101319268,1
1305593,-106,914,-233,77,1095,-135,0,995,-184,2.1,997.09,-188.67,0,996.229784324336,-186.673830264204,40.0422277102561,997.525653805455,189.643850414402,1615.12121212121,877.739292929294,372.142525252525,40.1885706653174,29.6266652347053,19.2909959632085,2.90492428559029,4.53780919101951,2.89564924563091,-0.42287314615799,0.538717756204022,0.0090018259636141,38,971,-194,3.53333333333333,996.177777777778,-188.744444444444,0.999871756640849,0.999871756640849,0.999871756640849,183,181,98,338.587449723538,405.906666666667,1783.90761410611,344208.533333333,0,1663.14605435055,0,997.881378809502,0,332.361369884148,1
1307156,-252,857,-300,126,1200,-9,29,990,-203,13.12,994.01,-202.83,0,990.589787370562,-164.213338619708,78.9365568035495,995.749993723324,206.457622770388,6120.04606060606,3497.14131313131,1499.73848484849,78.2307232524797,59.1366325819395,38.7264571688205,3.96983485521269,4.06671636324943,8.34152818518669,-1.03290749066349,0.47319894661576,1.22400766062795,58,990,-203,18.6666666666667,992.633333333333,-204.177777777778,0.996791631981637,0.996791631981637,0.996791631981637,378,343,291,339.428743360709,420.14,6419.32134768029,346791.26,0.108388764371286,7071.40936068447,0,3921.06671280751,0,1057.65370056249,1
1308718,-67,923,-271,106,1076,-116,19,985,-213,15.38,990.52,-204.6,0,989.423815587947,-199.380104471993,38.6282280204516,991.074790316049,206.878901775894,1268.27838383838,1110.47434343434,947.191919191919,35.612896313532,33.3237804493179,30.7764832167666,2.44095789769887,2.42909933995532,3.14751214808102,0.086419813412484,0.41538966870698,0.491008923308381,19,971,-223,15.1444444444444,989.844444444444,-205.488888888889,0.99740158856774,0.99740158856774,0.99740158856774,173,153,155,337.561356291952,408.833333333333,1703.07870285386,342173.42,0,1322.89008932581,0,1275.85103009546,0,1004.22639971664,1
1310281,-106,885,-300,106,1076,-165,14,990,-223,10.04,986.34,-223.73,0,984.949103632864,-220.784337633569,52.6119758230006,987.031610436059,225.196958238783,2694.16,1378.5903030303,665.209191919192,51.9052983808012,37.129372510592,25.791649654863,2.15182020621781,3.09090501058684,3.2157433198722,-0.25282051660251,-0.0590305581674422,-0.225691753586967,38,990,-223,10.6,986.566666666667,-223.3,0.997947193223724,0.997947193223724,0.997947193223724,212,191,135,337.711782143974,418.116666666667,2979.94400961535,342571.03,0,3161.51055473572,0,1572.85434870002,0,662.566565340234,1
1311843,-242,828,-310,242,1323,-58,43,980,-203,28.97,992.02,-208.9,0,986.245895300697,-198.731308151527,105.732634507989,995.133578973195,212.747690939291,10444.5748484848,6249.65616161616,1638.75757575758,102.198702773004,79.05476684942,40.4815708163304,2.78486593921765,6.48260895591685,4.1173981552096,-0.176593735428418,1.28899981456892,0.174761027715218,-29,952,-203,30.3555555555556,986.722222222222,-209.088888888889,0.998428494711564,0.998428494711564,0.998428494711564,484,495,252,340.123028458015,429.21,11341.9155930313,348910.603333333,0.115381551111323,12226.9983995147,0.58810995073818,7251.72682815926,0,1556.74954817766,1
1313406,-310,800,-271,242,1228,-87,33.5,1000,-194,19.16,992.24,-192,0,981.950266869034,-181.833370203283,115.717414419784,997.374292830931,196.422707444939,13154.964040404,10318.4468686869,1735.23232323232,114.695091614262,101.579756195252,41.656119877304,3.09525220786882,2.41288272909879,2.58574381121533,-0.549105026364214,0.144792412306454,0.144060136648707,58,1000,-194,23.1333333333333,990.766666666667,-192.666666666667,0.996791631981637,0.996791631981637,0.996791631981637,552,428,184,339.470046029972,425.166666666667,14679.0420956531,348909.293333333,0.0879146393380539,15143.9668291602,0.91994860273718,12243.2480857098,0,1754.38920100601,1
1314968,-349,895,-281,271,1095,-87,24,995,-203,20.9,991.34,-197.79,0,989.288018118347,-188.273433998229,143.678669258871,992.361335401576,201.827921755143,20410.8585858586,2046.48929292929,1629.92515151515,142.866576167621,45.2381398040336,40.3723315095271,2.73201470423986,2.69898617388628,2.68617128478936,-0.374474483976435,-0.0119378723681989,0.316867027413335,87,1000,-174,25.4777777777778,991.177777777778,-198.666666666667,0.998428494711564,0.998428494711564,0.998428494711564,620,200,194,340.665486707075,435.556666666667,20423.4413639082,348719.696666667,0.0656321721085254,23732.564819203,0,2354.51621293607,0,1393.30704987774,1
1316531,-223,857,-281,203,1085,-174,-19,990,-213,-17.9,988.79,-217.3,0,987.354100046713,-215.458937424449,109.480683227682,989.495432025838,218.243350414165,11783.4444444445,1409.64232323232,415.020202020202,108.551575043591,37.5452037313999,20.3720446205137,1.95188947776724,4.09614429792532,3.80800630649005,0.102043943361882,-0.335097677418411,-0.518363548925197,-97,971,-223,-18.8222222222222,989.288888888889,-216.588888888889,0.998428494711564,0.998428494711564,0.998428494711564,426,228,107,339.509585277957,433.296666666667,11837.5474818602,346239.13,0.0378263918542159,14130.1560686674,0,1598.48980744753,0,398.325007453645,1
1318093,-135,866,-252,155,1123,-155,9,985,-213,4.5,986.01,-215.34,0,983.465361303324,-213.200175003289,72.6426871749662,987.289283847445,216.350271550558,5309.80808080808,2549.90898989899,440.529696969697,72.8684299323656,50.4966235494908,20.9887993217739,1.91125851143338,2.98085734528787,2.72179502902827,-0.122731238471036,0.219106185100021,0.384322155674648,-106,1000,-203,4.56666666666667,985.688888888889,-216.022222222222,0.99971144175281,0.99971144175281,0.99971144175281,290,257,97,337.353806017044,421.403333333333,6239.40039590096,342274.843333333,0.0689733398672991,6263.02483787278,0,3003.03066838821,0,442.586045148397,1
1319656,-106,895,-242,87,1076,-165,0,990,-213,-8.61,993.9,-208.61,0,992.347361757977,-207.456645096861,47.703983062214,994.669191238977,209.164791492259,2223.77565656566,1545.0404040404,234.119090909091,47.1569258600013,39.3070019721729,15.3009506537695,2.11146173408925,2.6205612522238,3.00385787958351,-0.150658135753481,-0.159585541761278,0.359234307163651,48,980,-213,-7.72222222222222,994.733333333333,-209.066666666667,0.998845535995202,0.998845535995202,0.998845535995202,193,181,77,338.936765615597,414.106666666667,2710.88415071417,345130.793333333,0,2595.19557247434,0,1794.91432087486,0,181.856856354321,1
1321218,-58,933,-233,58,1057,-145,-9,990,-203,-2.4,995.64,-197.02,0,994.829086712481,-195.665644397405,30.9160152671718,996.047157518157,197.665677344348,959.636363636364,819.121616161616,257.413737373737,30.9779980572723,28.6203007699363,16.0441184667073,1.93287819763366,2.34280759057238,3.71638886388765,0.133799017793584,0.19131607773768,0.331467566984404,-19,980,-203,-2.66666666666667,995.3,-197.144444444444,0.99740158856774,0.99740158856774,0.99740158856774,116,124,88,338.518554673407,406.426666666667,1036.58109150576,344045.82,0,1115.23660720395,0,932.282350469562,0,171.138391224042,1
1322781,-87,952,-233,77,1038,-145,-4.5,1000,-184,-4.74,997.86,-185.48,0,997.382262368895,-184.043352037394,43.9870435469355,998.098642419676,186.207464941661,1931.7094949495,481.131717171717,273.120808080808,43.9512172180646,21.9347148869484,16.5263670563378,1.8836732483149,2.21957601743287,2.93842951524794,0.0121440674581253,-0.011162693678117,-0.326665877828897,-48,1009,-184,-4.82222222222222,997.877777777778,-185.088888888889,0.99919835426364,0.99919835426364,0.99919835426364,164,86,88,338.677558639981,406.92,2002.20802006301,344269.66,0,2263.41346945674,0,522.746624582545,0,247.793750826468,1
1324343,-106,933,-223,106,1057,-145,0,1000,-184,1.9,996.73,-182.49,0,995.790587128925,-180.704291752869,55.1985507056118,997.196274561834,183.373416830248,3074.0101010101,939.108181818182,326.474646464646,55.4437561949955,30.6448720313559,18.0686094225496,2.12282075314926,2.25357756137687,2.42541120938643,-0.103382938735733,-0.193844762631069,-0.0614340798175983,-29,1000,-174,2.52222222222222,997.166666666667,-182.544444444444,0.999871756640849,0.999871756640849,0.999871756640849,212,124,78,338.320126982324,408.653333333333,3179.60001844181,343691.033333333,0,3656.09794296713,0,1082.92149897082,0,330.947618099121,1
1325906,-126,885,-223,135,1095,-145,0,990,-184,0.53,994.66,-182.57,0,991.936423201146,-181.261004388387,70.7144256852872,996.022680464657,183.224316071858,5050.75666666667,2740.06505050505,241.762727272727,71.0686757064367,52.3456306725313,15.5487210815786,1.7796080907507,1.98365631247716,2.52574482078209,-0.0837265419122521,0.0775025392701533,-0.145721221898723,67,1057,-184,0.933333333333333,994.555555555556,-182.411111111111,0.999967939872718,0.999967939872718,0.999967939872718,261,210,78,337.983189890877,413.153333333333,5074.640411035,343544.286666667,0.0748009242801678,5900.82769725988,0,3259.81888424966,0,206.689974189262,1
1327468,-165,904,-203,165,1114,-126,0,980,-179,-0.75,999.98,-177.02,0,995.91342392291,-175.107660818811,86.7679088142615,1002.045787377,177.907391639583,7604.14898989899,4177.53494949495,318.14101010101,87.2017717130735,64.6338529680457,17.8365077888305,1.85842921187938,1.64077607453476,2.87531010938229,-0.0446277067358017,0.300078184662688,0.515741256594491,-116,933,-184,-0.633333333333333,998.977777777778,-177.9,0.999967939872718,0.999967939872718,0.999967939872718,330,210,77,339.851002683584,417.423333333333,7622.47623850897,347758.49,0.045933269401264,9091.0951354992,0.0937991298532422,4929.43336789926,0,312.719015714391,1
1329031,-126,885,-203,135,1095,-145,14,1000,-174,12.05,997.79,-173.36,0,994.856364414434,-172.345880803548,82.561552795475,999.244209390277,173.862877003689,6738.59343434343,2933.4403030303,176.374141414142,82.0889361262736,54.1612435513652,13.2805926605006,1.695870911666,1.81983112774656,2.68053571959704,-0.164903336422548,-0.101411729831414,-0.0399488058112149,106,1047,-174,12.8888888888889,998.244444444444,-173.377777777778,0.99971144175281,0.99971144175281,0.99971144175281,261,210,58,338.740196103256,414.64,6778.82342736334,345177.9,0.047863035285298,8001.42418695861,0,3457.96139323846,0,137.07040082953,1
1330593,-97,923,-213,106,1066,-135,4.5,1000,-169.5,5.27,998.18,-168.78,0,997.022472582556,-167.17893918181,49.4138644511841,998.758479313192,169.564618951006,2438.3405050505,1166.85616161616,268.153131313131,49.3795555371907,34.1592763625953,16.3753818677041,2.12541386031366,2.22670136021294,2.67580121186577,0.0443224997791432,0.0362210799556476,0.0233499570262861,-29,1009,-174,5.53333333333333,998.444444444444,-168.833333333333,1,1,1,203,143,78,337.893093567183,402.783333333333,2832.05446413511,342904.13,0,2898.37216977703,0,1351.46140634755,0,242.935689042096,1
1332156,-77,914,-203,67,1085,-126,19,1000,-174,10.3,1000.48,-171.1,0,998.382810622087,-169.066964658973,29.9619759028005,1001.5297998562,172.059757061319,799.626262626263,2122.93898989899,332.676767676767,28.2776636698696,46.0753620701888,18.2394289295681,3.5501261804273,1.74745516353748,2.64890392951195,-0.754257359224597,0.0705485485711383,0.328196643649579,29,961,-184,11.6666666666667,1000.25555555556,-171.533333333333,0.992774453987808,0.992774453987808,0.992774453987808,144,171,77,338.520321012691,398.786666666667,2408.50532329941,344521.406666667,0,905.973983519832,0,2491.61448015193,0,325.271798818563,1
1333718,-97,904,-213,116,1095,-116,19,1000,-165,12.89,997.91,-167.37,0,995.972887548655,-164.95824442825,55.9067974400251,998.876994429244,168.545394478758,2989.31101010101,1950.38575757576,398.821313131313,54.6745919975724,44.1631719600818,19.9705110883851,1.84624469810377,2.27876225313202,2.49678224014692,-0.258259092578496,0.0302498158117727,0.000688980649643013,58,1009,-174,13.4666666666667,997.622222222222,-167.177777777778,0.99740158856774,0.99740158856774,0.99740158856774,213,191,97,337.860539253559,404.93,4142.82787344556,343096.123333333,0,3552.79921171927,0,2270.70987866308,0,302.915698359799,1
1335281,-126,933,-252,135,1076,-48,9,1000,-174,4.86,1000.27,-173.9,0,999.347897129853,-166.003155887535,70.0766722954222,1000.73263662179,176.730585921057,4936.48525252525,935.08797979798,1002.51515151515,70.2601256227546,30.5792082925307,31.6625196646627,1.84988401873421,2.34186223318888,4.4363550517081,-0.0259249663994232,0.160516132390923,0.462290986997507,58,990,-165,5.18888888888889,999.922222222222,-174.277777777778,0.999871756640849,0.999871756640849,0.999871756640849,261,143,204,339.357067494146,411.556666666667,5157.42225094499,345870.083333333,0.0664767721148143,5861.4739338338,0,999.901430810698,0,811.418289858058,1
1336843,-97,952,-291,252,1085,-19,33.5,1000,-184,31.02,999.47,-178.74,0,998.666894945053,-154.108192126563,81.1280469381582,999.876237341402,184.932041572033,5676.28242424242,820.413232323233,2274.61858585858,75.3411071344351,28.642856567096,47.6929615966401,2.50283498019478,2.78948965385863,3.64319993822953,0.249348470321574,0.460391324449081,0.484539983847587,0,971,-203,29.0777777777778,998.5,-179.655555555556,0.996791631981637,0.996791631981637,0.996791631981637,349,133,272,339.828875610697,414.816666666667,5735.84373366346,346844.703333333,0.101050938564633,6532.17234842386,0,842.129384678762,0,2157.40753263816,1
1338406,-165,904,-300,184,1076,-116,19,1000,-213,19.04,990.49,-210.32,0,988.875542027722,-201.67259833687,93.2583508325126,991.287975312926,213.976073428783,8418.78626262626,1597.38373737374,1566.92686868687,91.7539441257228,39.9672833374216,39.5844270981262,1.94151592922421,2.37487122442954,2.76423149934686,-0.0119081925267023,-0.222094766684197,0.467561182536892,9,1000,-252,19.2222222222222,991.066666666667,-211.622222222222,0.997947193223724,0.997947193223724,0.997947193223724,349,172,184,339.125618924373,426.596666666667,8537.4312227459,345711.576666667,0.081476039231514,9953.6184985211,0,1832.21136776868,0,1635.31441505904,1
1339968,-174,866,-281,194,1114,-97,9,995,-203,14.79,992.72,-201.29,0,990.534688648473,-193.247009374111,96.36000207555,993.789867124836,204.522199284087,9158.08676767677,2146.76929292929,1324.91505050505,95.6978932248603,46.3332417701297,36.3993825566458,2.01760995928059,3.71778073909638,3.72718192696015,-0.0527872266926303,-0.315590256070708,0.556792265784298,0,990,-203,15.7888888888889,993.566666666667,-202.677777777778,0.999871756640849,0.999871756640849,0.999871756640849,368,248,184,339.327103113144,425.32,9295.91419285201,346244.293333333,0.0654145343107497,10828.3455420573,0,2385.21182947488,0,1378.54148745827,1
1341531,-126,876,-291,155,1095,-87,19,990,-213,24.73,990.8,-203.58,0,988.830932466097,-191.238126445927,83.2228934849059,991.779390792126,208.045427731541,6378.2596969697,1961.33333333333,1856.6501010101,79.8640075188423,44.286943147313,43.0888628419236,1.63508059444397,2.70718743824233,3.55577056681765,-0.0102583002374424,-0.0298598210700818,0.835957020211792,-87,961,-213,24.8888888888889,990.677777777778,-205.422222222222,0.99919835426364,0.99919835426364,0.99919835426364,281,219,204,338.512227571225,422.183333333333,6434.20307025743,344611.77,0.0356322435086551,7587.09324334061,0,2151.29224510376,0,1528.98281956706,1
1343093,-116,904,-300,165,1123,-67,29,1000,-213,29.32,993.79,-203.48,0,991.803285069547,-186.172180451182,81.8320230716558,994.77755805004,209.607919697706,5895.77535353535,1983.66252525252,2556.93898989899,76.7839524479911,44.5383264756605,50.5661842529075,1.89214738006285,2.8575937216409,2.91585733095593,0.0734228497644638,-0.0392637547406303,0.678026736542594,-9,1009,-213,29,993.488888888889,-205.444444444444,0.997947193223724,0.997947193223724,0.997947193223724,281,219,233,339.532406268128,422.023333333333,6174.15585773643,346738.116666667,0.0544597896211223,6954.22632486922,0,2163.89850940003,0,2425.49808609463,1
1344656,-116,904,-281,203,1085,-126,29,990,-203,32.49,994.04,-201.35,0,992.402631297281,-196.503456829981,83.1559378517253,994.859437307603,203.640148300869,5918.49484848485,1646.24080808081,936.856060606061,76.9317544872392,40.5738931836816,30.6081044922102,2.17226768541525,2.62521529455277,2.55815430941023,0.136954650221068,0.098976629673348,0.0725571932167468,126,971,-233,32.2222222222222,994.066666666667,-201.655555555556,0.99740158856774,0.99740158856774,0.99740158856774,319,181,155,339.379870103868,420.58,6103.64893881418,346043.173333333,0.0529598427550761,7014.38091551734,0,1899.52135386249,0,838.922609285393,1
1346218,-87,923,-213,97,1114,-126,29,1000,-165,20.3,1001.05,-164.64,0,999.438823437326,-163.29164466595,41.0397368412615,1001.8604543548,165.314851117496,1285.0202020202,1639.66414141414,224.919595959596,35.8471784387586,40.4927665319887,14.9973196258397,2.88936636421135,2.68611031646701,3.26281563576023,-0.329337357622104,0.22456834506313,-0.228460631153323,29,1009,-165,20.9333333333333,1000.16666666667,-164.322222222222,0.991777033412778,0.991777033412778,0.991777033412778,184,191,87,338.475725348895,399.843333333333,1830.97471416102,344245.876666667,0,1506.07314189418,0,1912.9136847805,0,199.971289064039,1
1347781,-38,933,-213,97,1076,-106,29,990,-174,27.72,996.71,-169.71,0,995.246972422882,-164.965566562091,38.7360297397655,997.451647950917,171.713336698114,739.476363636364,1493.90494949495,690.894848484848,27.1933146864512,38.6510666022938,26.2848787040163,2.86749592064979,2.07627772002219,2.96471533829933,0.0498613518388736,0.403824131290369,0.733420610974004,19,980,-174,27.5666666666667,995.666666666667,-170.955555555556,0.968967292510196,0.968967292510196,0.968967292510196,135,143,107,337.360642104282,399.493333333333,1715.94274850376,341965.246666667,0,841.894104807092,0,1758.2087607578,0,720.930104346243,1
1349343,-87,952,-242,155,1057,-77,38,1004.5,-160,35.42,1002.74,-162.08,0,1002.09647869912,-154.055391233099,65.5336554756409,1003.0607558867,165.747820498491,3070.79151515152,649.871111111111,1214.55919191919,55.414722909634,25.4925697235707,34.8505264224114,2.28520860701063,2.33561998671474,2.7597325354208,-0.187136154486819,-0.0834249432171555,-0.0729426152601264,38,1009,-155,35.5777777777778,1002.98888888889,-162.011111111111,0.988395230718897,0.988395230718897,0.988395230718897,242,105,165,339.499695347468,406.966666666667,3337.58276194225,345965.96,0,3599.8332260802,0,714.068809581732,0,1132.69714630679,1
1350906,-38,790,-271,145,1219,-106,48,985,-223,47.21,987.49,-215.91,0,983.973384164657,-208.979281860882,65.7777317942782,989.277155300778,218.647273022098,2119.11707070707,3568.47464646464,1201.51707070707,46.033868734955,59.7367110449232,34.6629062645802,2.26227170473956,5.9146809513358,3.71177526855882,0.207547766603472,0.563849522659221,0.896011656518171,9,980,-242,46.6444444444444,985.522222222222,-218.055555555556,0.968967292510196,0.968967292510196,0.968967292510196,183,429,165,337.819161832204,418.77,3973.04788803406,343600.876666667,0,2347.15639665077,0.424709363842246,4199.52361153131,0,1140.16958692722,1
1352468,-213,800,-320,242,1238,-67,67,985,-213,39.94,992.08,-196.54,0,983.155016634065,-171.439547102321,108.553120636857,996.595263885997,206.049508613828,10291.4913131313,9070.09454545455,3867.09939393939,101.446987698656,95.2370439768819,62.1860064157475,2.84270510351948,2.63927534972488,2.11744954560072,-0.632645667161499,0.292637275705827,0.385753489565916,19,942,-213,44.1666666666667,989.966666666667,-197.288888888889,0.990714754613131,0.990714754613131,0.990714754613131,455,438,253,339.805550558777,426.68,13250.1316766603,349147.433333333,0.0799009939392308,11028.2591846905,0.1557158300648,10601.4999853339,0,3221.43993581027,2
1354031,-145,838,-281,213,1228,-58,19,990,-174,7.89,991.46,-175.53,0,986.086022308948,-156.153716525912,70.1395038476891,994.181251080506,183.755734604393,4906.36151515151,5458.00848484848,2985.24151515152,70.0454246553728,73.8783356935474,54.6373637280526,3.34588739581788,3.53389862134001,2.04580471509399,0.0459315289682704,0.35446842203153,0.0315919403860337,58,971,-155,6.81111111111111,989.911111111111,-175.788888888889,0.99740158856774,0.99740158856774,0.99740158856774,358,390,223,336.926428703867,407.726666666667,6231.50552183513,342360.693333333,0.0776291183620817,5255.27858642178,0.452515260296005,6313.8238305931,0,2317.1246131439,1
1355593,-184,771,-281,252,1171,-58,9,985,-174,13.11,993.5,-173.45,0,985.302483591841,-161.110281975605,94.2444162802232,997.454450087822,178.523583876193,8798.11909090909,7952.65656565657,1803.80555555556,93.7982893815718,89.1776685367843,42.4712320936838,2.27267855941201,3.06966848659959,2.71094514408458,0.33795799697407,-0.178540336237435,0.123940951949064,-106,952,-203,10.5666666666667,996.011111111111,-174,0.999871756640849,0.999871756640849,0.999871756640849,436,400,223,337.946429665633,415.506666666667,9401.40495976693,345222.686666667,0.108091418779229,10360.5200596651,0.28374243614956,9361.01801581148,0,1706.87698142566,1
1357156,-194,847,-291,165,1247,-67,-9,1000,-174,-17.69,1001.73,-177.64,0,994.652865184661,-163.402056552335,82.9092877788731,1005.31736779984,183.992662897193,6627.28676767677,7272.74454545455,2320.53575757576,81.4081492706766,85.2803878125243,48.1719395247457,2.23422411608061,2.6542344670824,2.41387223028675,-0.105316836400591,0.31006915308382,-0.0920698100195001,19,971,-184,-17.0444444444444,999.244444444444,-177.355555555556,0.99919835426364,0.99919835426364,0.99919835426364,359,400,224,340.572118703167,415.746666666667,7498.71328112486,350463.42,0.0495408972092704,7401.72654947163,0.110680974248597,8660.99102859509,0,1718.12731377485,1
1358718,-184,876,-291,310,1161,-58,-19,995,-203,-7.69,995.88,-196.13,0,992.536042251032,-179.306854068885,91.3910827159849,997.576523380537,201.983786478024,8376.96353535354,3416.10666666667,2354.01323232323,91.5257533995407,58.4474692922343,48.5181742476284,4.71494815916149,2.89719672427359,3.13339804042154,1.11163432492625,0.366035718484899,0.594785051830108,-38,961,-194,-13.6111111111111,994.422222222222,-197.911111111111,0.993707106604508,0.993707106604508,0.993707106604508,494,285,233,340.093314048493,421.073333333333,8727.18761750724,348102.9,0.0527245398332954,8984.45149071912,0,3946.56235119392,0,2142.62625228906,1
1360281,-233,800,-291,252,1228,-38,-9,1000,-184,-5.85,998.15,-184.2,0,992.18624179133,-166.456755030432,94.3050900004873,1001.09736289734,190.764933884611,8948.71464646465,5952.02777777778,2486.48484848485,94.5976460936775,77.1493861140695,49.8646653301198,2.98286771849187,3.77568955003446,2.77992024351715,0.244331823080831,0.0808132866628877,0.0724774690064123,-67,971,-165,-7.67777777777778,997.788888888889,-184.555555555556,0.997947193223724,0.997947193223724,0.997947193223724,485,428,253,340.166067065401,419.28,9821.02429652399,349160.213333333,0.0842586466113505,10425.4042200108,0.325688021314142,7038.25176765338,0,2230.47986847334,1
1361843,-242,809,-291,339,1295,-87,4.5,990,-184,-7.69,992.08,-180.45,0,986.541555986351,-167.170278337408,109.66362204487,994.918760502585,186.549591261948,12087.8524242424,5697.5894949495,2261.15909090909,109.944769881256,75.4823787048971,47.5516465635954,3.41226381753062,5.18535192711204,2.46558913465725,0.196216645238356,0.622799991846441,-0.143512436573804,29,961,-165,-10.3777777777778,990.511111111111,-179.944444444444,1,1,1,581,486,204,338.416956758966,419.58,12941.8777096138,345563.4,0.0405709942083138,13930.7982174028,0.19508419275761,6728.77210605734,0,2057.47217379176,1
1363406,-174,733,-310,203,1380,-126,-9,990,-213,-7.37,989.57,-208.78,0,978.996824947287,-198.496116554227,93.12244627371,994.91844389377,213.511311175778,8704.51828282828,10721.1364646465,2018.17333333333,93.2980079252943,103.542920881374,44.9240841123482,2.42181965233256,4.51653616650012,2.30361452034422,0.198398193741281,0.459518701088654,0.0485221219310619,0,885,-233,-9.25555555555556,987.933333333333,-208.5,0.99740158856774,0.99740158856774,0.99740158856774,377,647,184,338.917590599208,424.473333333333,14186.0611562883,348040.526666667,0.0538253927815135,10246.6740975789,0.288317004671895,12747.1763833548,0,1952.06571041133,1
1364968,-262,752,-281,252,1209,-77,-9,990,-184,-2.92,999.04,-183.24,0,991.002918618345,-169.120471236131,94.92165190303,1002.93901110686,189.013650300712,9092.51878787879,7884.58424242424,2170.97212121212,95.3546998730466,88.7951814144452,46.5936918607243,3.46702705101034,3.62270369482694,2.42117970627097,0.189438135468683,-0.0679639314237555,0.253038709865807,-38,971,-223,-4.22222222222222,1000.88888888889,-184.333333333333,0.997947193223724,0.997947193223724,0.997947193223724,514,457,204,340.456437390984,418.46,10367.1703010356,350207.646666667,0.0498126524229219,10768.8214836132,0.2003484198524,9273.71315252183,0,2276.28891531042,1
1366531,-174,819,-349,203,1180,-9,-9,990,-174,-2.58,993.12,-180.58,0,988.564914149347,-141.121284609941,86.0695067953802,995.443509195776,188.920671182378,7476.06424242425,4667.11676767677,3113.01373737374,86.4642367827546,68.3162994290291,55.7943880455171,2.6567132052627,3.3870521943536,3.3660805976432,0.389177139283945,0.459074212142054,-0.0297888286511486,-38,990,-174,-5.25555555555556,990.944444444444,-180.644444444444,0.998845535995202,0.998845535995202,0.998845535995202,377,361,340,338.198398328886,414.586666666667,7875.98977496194,344668.92,0.0729223723095321,8514.85434823299,0.779227759351375,5210.3202513651,0,2540.30298286907,1
1368093,-271,733,-330,223,1257,-77,-9,990,-203,-8.38,988.99,-204.66,0,979.413111013591,-188.800195871685,102.018527729036,993.806334252303,211.565498132375,10441.9753535354,9646.27262626263,2903.27717171717,102.185984134495,98.2154398567894,53.882067255416,2.61495079556718,3.55129436643708,2.4746079381394,-0.144023179488838,0.325660818959414,-0.0126644089757311,-29,990,-174,-7.82222222222222,986.744444444444,-204.6,0.99948698095089,0.99948698095089,0.99948698095089,494,524,253,338.865302029425,425.456666666667,11385.7902189123,347606.256666667,0.17028093239591,11801.2209047646,0.640842234508367,11322.5734496821,0,2308.6754106124,1
1369656,-203,847,-300,174,1209,-58,29,990,-213,20.34,989.72,-207.68,0,984.552703438288,-192.753479550354,77.426093792726,992.307160107192,212.927029754327,5637.45898989899,5179.61777777778,2229.2298989899,75.0830139905091,71.9695614671771,47.2147212105493,3.02619150830993,2.90195349263871,3.32640059231085,-0.312313112537692,0.165816166536292,0.628346386350855,38,961,-223,22.3888888888889,988.633333333333,-209.766666666667,0.996791631981637,0.996791631981637,0.996791631981637,377,362,242,338.43346491673,420.04,6038.44889153839,345335.406666667,0.366923641975699,6330.42791946952,0.858580837325645,6104.96245910523,0,2370.93303683132,2
1371218,-116,714,-310,203,1171,-97,24,990,-213,31.87,980.07,-208.17,0,971.757356015357,-197.894365281832,75.9418856758245,983.863572859571,212.639859856989,4799.46777777778,7525.58090909091,1899.96070707071,69.2781912132366,86.7501061042055,43.5885387122659,2.85295348107743,3.90719124296329,3.12406150189788,0.334296501828859,-0.754130557193579,0.0860020950829191,19,971,-213,30.4333333333333,983.833333333333,-208.6,0.993707106604508,0.993707106604508,0.993707106604508,319,457,213,335.25351943778,415.723333333333,7604.72758399045,339656.803333333,0.19564396885173,5503.76689100986,0.560148014360628,8834.20934570298,0,1979.40140592101,2
1372781,-271,857,-339,242,1200,-87,0,990,-208,-1.75,1000.72,-206.18,0,995.130718064585,-190.991265539122,111.814355071252,1003.59203862924,213.066280767277,12625.6439393939,5814.60767676767,2916.2096969697,112.363890727377,76.2535748458239,54.0019416037025,2.54933027472298,2.67299049764078,2.56360777673385,-0.0789809398525587,0.490747660769315,-0.108425479241258,29,980,-242,-1.4,998.211111111111,-205.311111111111,0.999967939872718,0.999967939872718,0.999967939872718,513,343,252,343.023307267026,432.376666666667,15333.0474889542,355032.223333333,0.0983804502367406,14817.4622810659,0.797150919264147,6772.39804613713,0,2991.54245103349,2
1374343,-203,790,-320,145,1238,-87,4.5,990,-189,-9.81,989.39,-191.3,0,981.588537524563,-178.209773884493,73.6556175725925,993.309574100643,196.913788242469,5382.74131313131,7849.83626262626,2201.36363636364,73.3671678145703,88.5993017050714,46.9186917588677,2.68211203192041,3.69410835389418,2.7119242826633,-0.434539556324433,0.304587161004489,0.080900981541743,9,961,-174,-7.23333333333333,987.733333333333,-191.777777777778,1,1,1,348,448,233,337.188014460309,413.286666666667,8278.31665941982,343621.366666667,0.0805031686005105,6399.9203472506,0.380883943575463,9302.63536916735,0,2335.48528913147,2
1375906,-145,800,-310,242,1323,-77,0,1000,-184,10.87,996.05,-185.35,0,987.98939094087,-171.879629282936,73.8579041132362,1000.03600435184,191.412251436526,5390.74050505051,8036.77525252525,2307.09848484848,73.4216623691571,89.6480632948936,48.0322650397468,3.21838338150056,4.79115280689356,2.6420603251614,0.554184226173956,0.20799335405745,-0.12401280479921,-19,971,-184,8.18888888888889,994.166666666667,-184.755555555556,0.99971144175281,0.99971144175281,0.99971144175281,387,523,233,339.010880239606,413.376666666667,8149.47277528936,347388.55,0.0758602882038593,6405.63035896564,0.121367894448102,9529.59362845584,0,2156.85000808728,1
1377468,-213,790,-320,126,1133,-126,-9,990,-223,-21.07,986.26,-217.29,0,982.070674150996,-207.95409696849,80.7045847520449,988.301684709684,221.670273153619,6130.59101010101,4072.15393939394,1942.18777777778,78.2980907181076,63.8134307132436,44.0702595610439,2.51417731500435,3.23028774819559,2.17402134362834,-0.392028237808395,-0.230999079030601,0.0147442840448114,0,1000,-184,-19,987.222222222222,-217.122222222222,0.994575075478355,0.994575075478355,0.994575075478355,339,343,194,338.028318050608,422.073333333333,7277.35650504951,344130.386666667,0.111463080871435,6386.46005050748,0.138825130135045,4712.99189295368,0,1554.02581762029,1
1379031,-155,866,-281,155,1228,-87,-9,995,-184,-6.22,998.17,-193.59,0,994.061270935058,-179.020781365332,63.5394365728876,1000.28902323279,200.174598788158,4038.96121212121,4277.55666666666,2618.97161616162,63.5528222199551,65.4030325494672,51.1758890119323,2.81364756225524,4.10891709089723,1.99743924419588,0.105555288329941,0.662683833815208,0.00283435366767288,9,990,-184,-7.12222222222222,995.688888888889,-193.811111111111,0.998845535995202,0.998845535995202,0.998845535995202,310,362,194,340.041424965476,413.98,4843.91442947156,348228.42,0.0729274663075954,4468.43776367375,0.380315785789977,4889.68253662085,0,2138.6794034968,1
1380593,-165,857,-320,116,1161,-106,-9,990,-203,-10.48,989.72,-205.17,0,986.735927834991,-193.295521425419,58.8741029655654,991.208403919176,210.655334610828,3390.23191919192,2978.20363636364,2303.98090909091,58.2256980996529,54.5729203576612,47.9998011359517,3.36953191893503,3.53620802448045,2.25577053040923,-0.398455566214829,0.102751027887636,-0.0388928199229544,-19,1009,-262,-9.28888888888889,989.366666666667,-205.166666666667,0.995378438820226,0.995378438820226,0.995378438820226,281,304,214,337.858902887723,412.796666666667,3623.47141996802,343445.31,0,3617.16464865578,0,3488.43442748746,0,2220.11260705445,1
1382156,-165,828,-310,174,1209,-87,-29,990,-194,-18.64,994.46,-196.32,0,989.320592649573,-181.308795250319,74.1997304577314,997.062936829968,203.037631979887,5210.25292929293,5236.1701010101,2709.83595959596,72.1820817744468,72.3613854276582,52.0560847509295,2.85449713765832,3.53298736106398,2.07260518100604,0.296342093657146,0.367164525098278,0.0222869990609779,-29,1009,-262,-20.1444444444444,992.733333333333,-196.388888888889,0.989587521222056,0.989587521222056,0.989587521222056,339,381,223,339.234407624923,417.06,6912.79804409002,346954.793333333,0.154539089086066,5993.63439407209,0.477187829077451,6170.04348201174,0,2873.11808119363,1
1383718,-135,771,-349,174,1247,-29,-4.5,995,-213,-4.55,989.17,-210.83,0,978.700314673833,-183.936096763278,64.6765026883798,994.392311917183,219.436892978369,4204.39141414141,10463.4152525253,3740.66777777778,64.8412786282119,102.290836600965,61.1609988291377,2.62203536824203,2.8197372587831,3.0112886085994,0.164482909307602,0.18012935738554,0.151114342052903,-19,1019,-194,-5.58888888888889,986.955555555556,-211.2,0.99948698095089,0.99948698095089,0.99948698095089,309,476,320,338.400526755503,417.523333333333,10773.77350441,347050.556666667,0.30580765527717,4479.77385760818,0.401561429531805,12240.771013724,0,3877.84525436728,1
1385281,-184,857,-281,165,1219,-77,-9,990,-179,-11.83,999.41,-179.66,0,994.418781901853,-165.509330709734,79.0817931005614,1001.93860590358,186.2284618419,6175.73848484848,5111.73929292929,2427.6004040404,78.5858669535972,71.4964285326847,49.2706850372552,2.39649680446266,3.17403778609836,1.93089005868539,-0.0615610435208193,0.347028157649104,-0.081264127978073,48,1028,-242,-11.6333333333333,998.322222222222,-179.388888888889,0.997947193223724,0.997947193223724,0.997947193223724,349,362,204,339.926205266475,414.633333333333,7260.53412301098,348271.98,0.087652829736616,7119.20154870723,0.375418087513875,6000.33168692416,0,2398.04576967367,1
1386843,-165,790,-300,116,1190,-87,-19,990,-203,-19.88,992.76,-203.93,0,985.802802325952,-189.312147321898,71.766844712583,996.182423053127,209.884468220019,4803.29858585858,6875.76,2488.93444444445,69.3058337072615,82.9202026046729,49.889221726185,2.10078640515556,3.0095964268157,2.60985546591775,-0.0471555916245792,-0.00587990219883217,0.251869503766632,-48,980,-233,-19.4,992.633333333333,-205.055555555556,0.993707106604508,0.993707106604508,0.993707106604508,281,400,213,339.133476103417,418.87,6968.34907764518,347193.796666667,0.0903078133344304,5402.01186445358,0.542493546982911,8097.43170541332,0,2396.82030697011,1
1388406,-155,733,-320,126,1238,-58,0,1009,-194,1.79,1001.65,-193.28,0,991.471033497017,-174.391872627862,60.0409027247259,1006.51921491842,200.688415211242,3638.08676767677,9876.97727272727,2948.16323232323,60.3165546734623,99.3829828125885,54.2969910061619,3.60475651478662,3.0210698916705,2.61034421320069,-0.627556228118478,-0.218377302268362,0.143043089351729,0,971,-242,4.56666666666667,1002.07777777778,-193.466666666667,0.999967939872718,0.999967939872718,0.999967939872718,281,505,262,341.063763483647,413.02,10073.2268041323,352320.56,0.151226288808709,4167.48755349376,0.229486712865985,11509.0931153057,0,3197.57543800054,1
1389968,-155,761,-291,106,1180,-29,-14,1004.5,-198.5,-11.3,991.8,-196.43,0,983.758648028676,-175.169921936242,60.2,995.615829524621,203.116247503739,3531.66666666667,7660.24242424243,2698.44959595959,59.4278273762946,87.522810879464,51.9466033149386,2.41080569770756,3.09916127183022,2.9972272821716,-0.219639662856716,-0.379455977155659,0.284792511130313,-19,1028,-213,-10.4,994.233333333333,-197.377777777778,0.99740158856774,0.99740158856774,0.99740158856774,261,419,262,338.070208143325,412.25,7719.07469199376,345377.043333333,0,4056.07986614355,0.390505538644678,9022.38123186859,0,2803.99694131796,1
1391531,-165,780,-320,126,1180,-87,-29,1000,-223,-14.07,990.5,-220.6,0,983.25739168717,-206.351539905472,67.9949262813043,994.017585357523,226.378576724919,4470.04555555555,7051.22222222222,2608.9898989899,66.85839928951,83.9715560307312,51.0782722788261,2.24584331629224,2.63378968512089,2.63564991072054,0.298270136556288,-0.18262121354027,0.360333223137539,-38,1028,-252,-14.9777777777778,991.077777777778,-221.766666666667,0.994575075478355,0.994575075478355,0.994575075478355,291,400,233,339.430593089695,423.196666666667,7217.03501375603,347980.51,0.253648075463272,5067.11507610951,0.185334255908726,8263.34283557412,0,2729.07940686875,1
1393093,-174,857,-300,145,1200,-58,19,990,-184,13.57,997.49,-182.32,0,994.595907868531,-163.214958430855,64.2860015866596,999.00164664529,190.560279176958,3988.4293939394,3048.47464646465,3103.67434343434,63.1540132845047,55.2129934568363,55.7106304347235,2.98368989931439,5.00700863091328,2.44463704488636,-0.479912481083054,0.987399442011422,-0.130747799809529,58,980,-184,14.8555555555556,994.188888888889,-181.822222222222,0.995378438820226,0.995378438820226,0.995378438820226,319,343,242,339.20484317201,410.746666666667,4579.74953292721,346150.066666667,0.128827381022879,4590.06525656293,0,3485.93151215547,0,2972.68123314825,1
1394656,-174,809,-339,174,1200,-67,-19,980,-213,-16.27,988.83,-209.42,0,982.619154210366,-185.609235608684,66.1403810088814,991.999178427079,217.718304237379,4151.3506060606,6341.01121212121,3580.32686868687,64.4309755169096,79.6304666074563,59.8358326480619,3.51190067141142,3.07355016481173,2.73386487039052,0.456144415142701,0.425145750205079,0.486300052996888,-19,1009,-203,-18.2888888888889,986.055555555556,-211.411111111111,0.991777033412778,0.991777033412778,0.991777033412778,348,391,272,338.185394662343,416.753333333333,7178.09792424416,345279.393333333,0.123987833250217,4620.03878339646,0.381386015610454,7304.04615494213,0,3456.36700954443,1
1396218,-165,866,-349,77,1180,-106,-9,1000,-213,-16.52,993.37,-214.86,0,990.207100271817,-198.643085022235,52.2593532298286,994.945330156386,222.447611810062,2482.95919191919,3163.89202020202,3351.63676767676,49.8293005361222,56.2484846036053,57.893322306435,2.91762840280941,3.83089895987937,2.18819259306436,-0.557132013765868,0.0970416826564499,-0.153686081888956,29,1028,-174,-15,993.211111111111,-214.188888888889,0.99740158856774,0.99740158856774,0.99740158856774,242,314,243,339.747016812255,416.083333333333,3960.65616101631,347376.73,0,2860.97188776295,0,3637.40961135001,0,3588.58785118124,1
1397781,-242,771,-300,135,1333,-58,-19,995,-194,-21.23,991.37,-197.01,0,981.884762996431,-179.960753802901,77.0034414815338,996.136853047813,203.502063871598,5534.15868686869,9569.85161616161,2626.41404040404,74.3919262209864,97.825618404187,51.2485515932308,3.45221805964086,4.5139470420636,2.71192029614211,-0.412009562263202,0.387965572735865,0.253382871679243,48,990,-233,-18.8333333333333,989.411111111111,-198.144444444444,0.994575075478355,0.994575075478355,0.994575075478355,377,562,242,338.333940570899,416.143333333333,10137.6245286647,346543.75,0.0751386915245587,6333.90439117956,0.246048838806305,11431.7354018989,0,2552.6716290807,1
1399343,-184,800,-330,155,1219,-87,0,980,-223,-12.51,990.39,-218.68,0,983.693711469464,-203.036773230733,77.0811909612196,993.731387247077,225.38513704324,5843.44434343435,6696.68474747475,3007.59353535354,76.4424250232444,81.8332740850245,54.8415311178812,2.35793486731895,3.02753253934899,2.373847236096,-0.276011495783025,0.155398311225423,0.128163298832596,0,971,-252,-11.3,989.044444444444,-218.877777777778,0.99919835426364,0.99919835426364,0.99919835426364,339,419,243,339.535673786142,423.933333333333,7155.26294947878,348080.68,0.113055553755456,6743.69880040047,0.259572898470686,7968.162940111,0,2940.7719368067,1
1400906,-135,809,-330,145,1295,-38,19,1000,-194,15.47,989.94,-201.88,0,983.863128544544,-180.217760528417,56.5408701737071,993.015719915853,210.240766741372,2987.42333333333,6160.62262626263,3480.4501010101,54.6573264378467,78.4896338777461,58.9953396550109,3.25896289088658,4.84096546068154,2.46108629554962,-0.319031705743497,0.439205521805358,-0.0359021189956768,19,1019,-233,16.7666666666667,988.111111111111,-201.288888888889,0.994575075478355,0.994575075478355,0.994575075478355,280,486,292,337.837833554364,411.57,6481.96719868379,344492.756666667,0,3462.73422578926,0.575247817464958,7328.76901570728,0,3864.43442283207,1
1402468,-135,800,-330,165,1266,-77,9,990,-203,5.2,990.68,-204.63,0,984.231798399036,-182.270733351311,58.7445316604022,993.984366074236,214.184429872949,3458.46464646465,6624.30060606061,4041.95262626263,58.8087123346928,81.3898065242854,63.5763527285313,2.84008979967687,4.12979861229072,2.17665731840179,0.089240625147326,0.545256154785086,-0.00681048578445668,19,1000,-233,4.36666666666667,988.111111111111,-204.533333333333,0.999967939872718,0.999967939872718,0.999967939872718,300,466,253,338.400713795795,414.19,7121.44537804827,345776.936666667,0,3836.92583145593,0.320087182626525,7851.94386697184,0.212808606926346,4164.24141879324,1
1404031,-165,780,-349,242,1323,-77,14,990,-213,17.22,990.97,-214.68,0,983.625282011366,-195.670372223249,93.842101425746,994.705810780253,221.92399599863,8595.76929292929,7493.03949494949,3194.70464646465,92.7133717051068,86.5623445555254,56.5217183608624,2.34373712394195,4.69960050225711,2.89898424261593,0.0928547661956073,0.497666710770748,0.302714996330373,9,990,-203,16.3333333333333,989.166666666667,-216.044444444444,0.997947193223724,0.997947193223724,0.997947193223724,407,543,272,339.978411298025,427.11,9317.06800479133,349165.416666667,0.12376638667898,10011.2026107538,0.582059592311406,8847.90350739838,0,3008.37421540277,1
1405593,-106,838,-359,135,1133,-38,38,990,-213,26.08,985.63,-211.93,0,981.536522906064,-187.022321816933,63.4020504400292,987.632396187974,220.605643626812,3373.38747474747,3991.16474747475,3790.42939393939,58.0808701273274,63.1756657857656,61.5664632242213,2.36856074316749,2.90569608943717,2.87139515856778,-0.0728045844982306,-0.205026937931498,0.171203625085665,38,990,-262,26.7111111111111,986.211111111111,-212.444444444444,0.992774453987808,0.992774453987808,0.992774453987808,241,295,321,337.359693415308,416.773333333333,4350.38984139158,342701.473333333,0,3837.6187978056,0.510463725121772,4664.94932331706,0.233125154211085,4334.34571175613,1
1407156,-116,742,-330,194,1161,-48,0,1000,-194,13.51,994.04,-199.71,0,988.085960669722,-177.505442212918,73.4763227169134,996.785734247837,208.521054092866,5268.93929292929,5521.49333333333,3633.27868686869,72.5874596120383,74.3067515999275,60.2766844382526,2.78830061765639,4.79233605122228,2.66903162600124,0.598511995840452,-0.770703780741286,-0.11149610019793,-19,1000,-184,11.1222222222222,996.633333333333,-199.511111111111,0.99971144175281,0.99971144175281,0.99971144175281,310,419,282,339.484898337791,417.02,6127.37741782348,347487.2,0.165948095040345,5983.05087669553,0.491758307290133,6473.07836314355,0.278668295081724,4126.75203917609,1
1408718,-106,800,-300,155,1190,-58,9,995,-194,10.78,993.85,-186.32,0,987.78556688258,-162.898423072278,55.4799062724515,996.826619829146,195.786720693718,2991.72888888889,5985.34090909091,3653.83595959596,54.6966990675753,77.3649850325773,60.4469681588412,2.64005722590825,3.18025204017931,2.00580159650341,0.226332838092764,-0.0469278513623643,0.139094621654867,9,971,-242,9.81111111111111,994.077777777778,-186.688888888889,0.999871756640849,0.999871756640849,0.999871756640849,261,390,242,338.16005686852,408.163333333333,6196.02295117281,345024.59,0,3318.46867826678,0.993257554918456,7044.54379725105,0,3915.50881998631,1
1410281,-194,885,-320,126,1190,-38,0,1000,-203,-0.75,998.54,-198.73,0,995.815394805096,-180.149187857188,70.515884735285,999.944388453678,205.453960779538,5022.14898989899,2834.99838383838,2745.16878787879,70.8671220658705,53.2447028711625,52.3943583592622,2.79149688584405,4.30756672550469,2.95152328416656,-0.424208614728307,0.736710256799937,0.0876631969551182,0,1009,-174,1.32222222222222,996.222222222222,-198.755555555556,0.99948698095089,0.99948698095089,0.99948698095089,320,305,282,340.59850022939,417.78,5928.75079819231,349024.2,0.075580477823837,5841.34710677329,0,3290.52271864382,0,3112.35368648614,1
1411843,-165,866,-339,213,1104,-135,29,990,-203,31.78,992.39,-206.73,0,989.546333463899,-199.376581427621,83.7672967213339,993.804704154695,210.527551641109,6067.66828282828,2838.26050505051,1600.56272727273,77.8952391538038,53.2753273575161,40.0070334725374,2.85714219222792,2.31608649908606,3.54497978733619,-0.00209556814747635,-0.00999179893061942,-0.594939121171562,48,1019,-213,31.7555555555556,992.144444444444,-205.077777777778,0.994575075478355,0.994575075478355,0.994575075478355,378,238,204,339.292745459198,421.973333333333,6308.82224853655,346328.866666667,0.157296521938949,7095.0294076771,0,3258.3416707934,0,1584.29567162675,2
1413406,-58,866,-281,165,1095,-116,48,980,-223,50.09,985.01,-214.1,0,982.519514242141,-206.245967197963,69.6216202052207,986.264016376954,217.516666028146,2361.7796969697,2496.9796969697,1489.58585858586,48.5981449951508,49.969787841952,38.5951533043446,2.81182054693569,2.5997028303629,2.42932368434418,0.0855202658672758,0.231179960360831,0.430787443099734,67,990,-242,49.9444444444444,984.466666666667,-215.2,0.962614705998252,0.962614705998252,0.962614705998252,223,229,165,337.020749783333,418.886666666667,3279.50530366625,341625.793333333,0,2688.43332890583,0,2935.54730004351,0,1563.613857304,2
1414968,-165,838,-330,155,1209,-87,29,1000,-194,10.21,996.21,-193.13,0,990.343069498664,-173.645801707946,64.3130624368021,999.188976120133,201.316591467271,4072.65242424242,6004.28878787879,3261.79101010101,63.8173363925699,77.4873459855142,57.1120916277894,2.77604800247393,3.28613085853602,2.27248011052918,-0.421422758764898,0.38175780498801,0.0895549584588151,38,1028,-242,11.8888888888889,993.922222222222,-193.155555555556,0.998428494711564,0.998428494711564,0.998428494711564,320,371,243,339.438738648485,414.27,6162.24570236326,347681.05,0.155573312166869,4618.49400524339,0.591460192509624,7122.1968973036,0,3701.87797677467,2
1416531,-165,790,-330,271,1190,-48,19,980,-213,25.63,993.81,-206.14,0,985.475557222735,-183.469167493913,112.019507229768,997.939281720085,214.623437676317,12011.588989899,8307.56959595959,3605.57616161616,109.597394995953,91.1458698787805,60.0464500334213,2.14663973134692,2.47367060026501,2.39845576281247,0.225164509809116,0.0641488040212927,0.23721069391077,58,914,-252,23.0888888888889,994.444444444444,-206.988888888889,0.997947193223724,0.997947193223724,0.997947193223724,436,400,282,340.999305873433,431.126666666667,14457.5988147575,351498.133333333,0.069895147499101,14178.6831990127,0.483429584850656,9710.31529623826,0,3808.94595423473,2
1418093,-106,800,-339,165,1257,-67,-19,980,-233,-6.38,986.84,-223.9,0,980.293175283884,-205.267622011099,63.6926997386671,990.230225755607,230.642147059032,4056.62181818182,6770.41858585859,3095.54545454545,63.6916149754567,82.2825533503828,55.6376262482994,2.78039355631512,4.65206335092151,2.90238542776064,0.645844073201785,0.702234900516388,0.56316479030705,-38,1009,-252,-9.14444444444444,983.611111111111,-225.544444444444,0.993707106604508,0.993707106604508,0.993707106604508,271,457,272,338.470175298965,420.966666666667,7077.15230199464,345936.153333333,0,4016.34214116219,0.497901446276598,7850.62582600684,0,2911.35457313619,2
1419656,-223,857,-281,106,1295,-116,-29,971,-223,-32.4,989.88,-214.79,0,985.716778124921,-207.482411473484,81.0559066323979,992.098997076401,218.055428733155,5576.06060606061,4442.4298989899,1427.70292929293,74.6730246210813,66.6515558632347,37.7849563886599,2.68493146116089,6.48576940712578,2.38275954823041,-0.500519125977084,1.23652437962537,0.306056287905426,-29,961,-242,-30.3888888888889,986.155555555556,-215.522222222222,0.989587521222056,0.989587521222056,0.989587521222056,329,438,165,338.994021020053,422.143333333333,5990.99758390847,346126.216666667,0.0760840605443155,5872.22886658061,0.587153349624678,5245.84417155854,0,1204.79859367132,1
1421218,-233,847,-281,87,1123,-116,-29,980,-213,-31.94,989.58,-209.36,0,986.375110136164,-201.791958904869,66.8903580495724,991.197941886483,212.751639241628,3489.04686868687,3237.15515151515,1446.11151515152,59.0681544377922,56.896002948495,38.0277729449348,3.72969027877311,3.39112917974619,2.17459640820645,-0.755313895581428,0.31683261953432,0.310610661640639,-29,980,-233,-29.6555555555556,988.911111111111,-210.355555555556,0.98581503717892,0.98581503717892,0.98581503717892,320,276,165,338.138393660162,416.16,3813.88156086702,344070.313333333,0,3643.69926979002,0,3751.862566162,0,1009.51653116135,1
1422781,-165,876,-300,135,1285,-106,-38,980,-213,-31.07,987.87,-212.36,0,984.348965161902,-203.079406714336,68.6120251850942,989.763572778873,216.473370186728,3780.06575757576,3782.61929292929,1781.76808080808,61.4822393669567,61.5030023082556,42.2109947858148,2.9363475772899,8.19159890374492,2.63473314299619,0.164477537536371,1.50788650551484,0.167621974806514,9,980,-223,-32.0444444444444,983.933333333333,-212.933333333333,0.98581503717892,0.98581503717892,0.98581503717892,300,409,194,337.873096325817,418.346666666667,4152.42994003169,343733.42,0.102019801615581,4128.21274798591,0.633337767547785,4484.30574087644,0,1413.51030453831,1
1424343,-174,885,-300,135,1171,-126,-9,990,-213,-22.29,988.43,-213.14,0,985.357036933755,-205.697410893068,70.6957565911844,990.006126243671,216.762542889679,4546.51101010101,3149.76272727272,1573.07111111111,67.4278207426357,56.1227469683436,39.6619605051378,2.78768422302977,3.65267893438647,2.25063384393253,-0.351213172344504,0.594107925066723,-0.133856177731948,0,980,-233,-21.2,986.022222222222,-212.5,0.990714754613131,0.990714754613131,0.990714754613131,309,286,174,338.141945533561,418.133333333333,4654.3145123935,344032.006666667,0.123535656491012,4867.62857074552,0,3624.95217465533,0,1366.19424332555,1
1425906,-223,866,-320,126,1142,-126,-38,990,-233,-37.13,990.96,-221.35,0,988.530900414257,-209.383683977142,74.5508551258803,992.19637169262,226.693427341862,4221.40717171717,2476.68525252525,2418.2702020202,64.97235698139,49.7663063982576,49.1759107899407,3.47297268375798,3.99461332006127,2.03451067754079,-0.331259452433443,0.506868990387336,0.201151646186945,-38,1019,-271,-35.7444444444444,989.177777777778,-221.855555555556,0.976500468757824,0.976500468757824,0.976500468757824,349,276,194,339.803515159395,422.94,4826.44024576338,347133.793333333,0.0836708315081599,4214.74766065927,0,2832.74396703966,0,1739.56930665389,1
1427468,-252,838,-330,97,1200,-116,-48,980,-218,-53.9,984.29,-218.47,0,979.205021502858,-208.117148292908,89.1738750980353,986.856103998957,223.135138425126,5097.74747474747,5109.25848484849,2080.95868686869,71.3985117124123,71.4790772523575,45.6175260932538,3.07377589699799,2.9339594797742,2.51207198153466,-0.396242443998267,0.276079339100554,0.0977837261240172,-29,971,-233,-52.1,982.9,-218.744444444444,0.976500468757824,0.976500468757824,0.976500468757824,349,362,214,337.775773047263,424.506666666667,5673.95043623342,343875.413333333,0.10790904198629,5497.39958086078,0.517193410011569,5951.25460996668,0,1900.18225524802,1
1429031,-184,885,-320,135,1095,-126,-48,990,-213,-38.42,989.33,-210.16,0,986.613075686781,-199.65802523182,80.9552963060478,990.683789107301,215.092863665906,5128.95313131313,2707.59707070707,2118.90343434343,71.6167098609894,52.034575723331,46.0315482505578,2.79682466626043,2.26176438394399,2.22799245870867,0.481490462414092,0.0132019736015321,-0.0357012829215746,-58,990,-223,-40.0777777777778,989.244444444444,-209.622222222222,0.979868756651153,0.979868756651153,0.979868756651153,319,210,194,338.555504155127,422.976666666667,5444.46749252924,344757.69,0.0817077407636476,5722.96145079573,0,3107.66936929606,0,1664.94343476028,1
1430593,-203,866,-300,155,1180,-58,-29,990,-218,-29.78,988.69,-212.11,0,985.24296357617,-199.633517513022,76.4775784135455,990.411818386675,216.485265087488,5012.09252525253,3442.07464646465,1894.1594949495,70.7961335473381,58.6691967429642,43.5219426835418,2.73224047039655,3.71547419418597,3.88016800527516,-0.0169231636354698,0.148481468191399,0.624194268369098,-19,990,-223,-29.8555555555556,988.133333333333,-213.611111111111,0.989587521222056,0.989587521222056,0.989587521222056,358,314,242,338.323141864197,420.486666666667,5188.08894473552,344543.42,0.132766210273315,5800.54240612784,0,4070.90303514094,0,1775.509670343,1
1432156,-184,761,-320,174,1123,-165,-38,985,-247,-44.91,982.93,-244.02,0,978.990741602522,-237.564987304127,86.5634449406908,984.781859093678,246.982630968252,5531.63828282828,3680.73242424242,1469.35313131313,74.3749842543061,60.6690400801135,38.3321422739864,3.19582489510138,5.2259428216836,2.23932910045875,0.429557118211179,-0.714038305486709,0.303299244318074,-97,971,-281,-47.5111111111111,985.333333333333,-244.655555555556,0.974717004180245,0.974717004180245,0.974717004180245,358,362,155,339.054671065929,432.16,5728.97958435082,346096.32,0.233151974964271,5891.19493164758,0.192955380264553,4239.90270865997,0,1229.42615068456,1
1433718,-203,866,-330,116,1266,-135,-48,980,-223,-52.43,985.77,-219.46,0,981.053944083206,-212.419559411609,90.0967812965591,988.314641194797,222.872115797378,5422.75262626263,5074.07787878788,1524.53373737374,73.6393415659227,71.2325619277299,39.0452780419571,2.26910916591163,6.16939012992278,2.44255038716484,0.231590057038917,1.34259653370779,-0.113511433145563,-48,961,-213,-53.9333333333333,980.011111111111,-219.188888888889,0.978217665935425,0.978217665935425,0.978217665935425,319,400,195,338.23989618752,426.9,6083.8798615803,344851.746666667,0.129331934815277,6172.46606911308,0.53005600671766,5875.78500478542,0,1386.00313724824,1
1435281,-242,876,-291,135,1104,-135,-38,990,-213,-46.04,989.04,-213.6,0,986.514596407157,-204.865727250013,94.863480855385,990.309264825893,217.843292299763,6948.88727272727,2537.69535353535,1849.23232323232,83.3599860408294,50.3755432083402,43.0027013480818,2.70152181293272,2.67366007275521,1.89399221998903,-0.111242341620685,0.198491469731716,-0.0926234334837441,-58,971,-174,-46.1,988.522222222222,-213.444444444444,0.984426897800011,0.984426897800011,0.984426897800011,377,228,156,339.088485498944,425.446666666667,7102.9696046568,345722.406666667,0.14049941141691,8093.43729061827,0,2961.82703128579,0,1576.79457561224,1
1436843,-252,800,-291,213,1219,-135,-9,980,-233,-11.93,987.14,-227.46,0,982.012198454889,-220.633400506074,94.0350466581476,989.699560472773,230.590069170379,8788.14656565656,5110.9498989899,1448.21050505051,93.7451148895587,71.490907806447,38.0553610553166,2.58621517812011,4.06753362601532,2.25438471425669,-0.0222288134935344,0.209861566998691,0.236871619219494,48,961,-262,-11.8444444444444,986.711111111111,-228.288888888889,0.998845535995202,0.998845535995202,0.998845535995202,465,419,156,339.407291028849,430.356666666667,8985.83463598296,347173.196666667,0.111948343901055,10301.0092936043,0.182166450050226,6081.62189602341,0,1279.80652416876,1
1438406,-242,847,-310,116,1142,-106,-9,995,-213,-13.56,992.95,-209.79,0,989.191909134907,-200.363012490892,61.4677151031336,994.805614177966,214.187651371408,3630.71353535354,3725.76515151515,1883.33929292929,60.2554025407974,61.0390461222581,43.397457217322,5.05508953315605,2.98953606228362,2.45844879299614,-0.99527514976975,-0.0674170558599594,-0.050940473059705,-29,980,-213,-10.3333333333333,992.966666666667,-209.655555555556,0.996117268879145,0.996117268879145,0.996117268879145,358,295,204,339.227400895188,415.586666666667,3954.08352441972,346430.946666667,0.0614785865722855,4220.03088315979,0.3852648820726,4381.54608036438,0,1872.22342229072,1
1439968,-106,885,-291,145,1171,-116,0,990,-194,-5.39,996.23,-200.1,0,991.514434993057,-189.511248495977,44.9271632756843,998.659596659442,205.081057145705,2009.49282828283,4895.73444444444,2038.61616161616,44.827366956836,69.9695251123262,45.1510372152862,3.21358308235967,2.57267667909562,1.98872102193893,0.190994438705483,0.539444236905588,-0.0226309258584054,9,923,-233,-5.66666666666667,992.811111111111,-199.944444444444,0.99919835426364,0.99919835426364,0.99919835426364,251,286,175,339.390792217755,410.786666666667,4924.72505881172,347132.56,0,2140.5795274752,0.594072162580009,5702.42485055898,0,1958.10490130076,1
1441531,-165,866,-291,165,1123,-126,-14,980,-223,-11.2,984.23,-219.74,0,980.730497297179,-209.695120206576,63.3618181557316,985.990025304516,224.199375556668,3928.56565656566,3502.66373737374,1999.68929292929,62.6782710081066,59.1833062389534,44.7178856044122,3.13347845894094,2.67850029022748,1.98947547046722,0.455359269925854,0.210071838463965,0.300451955492442,-9,952,-281,-13.1,983.277777777778,-221.133333333333,0.991777033412778,0.991777033412778,0.991777033412778,330,257,165,337.181152535982,418.083333333333,4627.40794243435,342152.136666667,0.368573800846125,4491.45776612861,0,3931.22053833439,0,1537.31180399236,1
1443093,-135,876,-271,145,1161,-116,9,990,-194,5.94,992.64,-196.23,0,989.290940480772,-189.84918613284,51.5416336566857,994.343833892482,199.269239974463,2647.73373737374,3419.68727272727,1214.15868686869,51.4561341083231,58.4780922459623,34.8447799084553,3.3759350064211,3.2421155713722,2.4063642878435,0.235675941807902,0.430590085582397,-0.0340289744604811,-19,1000,-213,4.76666666666667,990.933333333333,-196.1,0.999871756640849,0.999871756640849,0.999871756640849,280,285,155,337.925434284894,409.576666666667,3462.69890011306,343694.81,0,2875.98250738831,0,3968.05460561244,0,1056.11103039396,1
1444656,-135,790,-339,184,1266,-135,43,971,-242,32.36,979.78,-242.09,0,971.85566332118,-231.159663073549,73.6708897733698,983.953931848438,247.087899339486,4424.47515151515,8279.28444444444,2469.55747474747,66.516728358475,90.9905733823259,49.6946423143126,3.13614753707956,4.15722275168389,1.86994514000943,-0.321071583019325,0.821936469696404,0.182308826217678,77,942,-281,32.6111111111111,974.822222222222,-242.944444444444,0.982973228491819,0.982973228491819,0.982973228491819,319,476,204,337.741705108897,427.703333333333,8459.90439952723,344881.723333333,0.27941516661897,5090.87591359624,0.371137303850047,9715.49287581834,0,2086.1862107338,1
1446218,-135,704,-310,223,1257,-126,29,990,-233,22.08,986.79,-227.86,0,976.711530767231,-220.27934941404,73.8176130743876,991.746293161714,231.418927488656,5011.6298989899,9905.25848484849,1651.05090909091,70.7928661588857,99.5251650832516,40.6331257607744,3.22181059707213,3.1011193355228,2.66188978604163,0.0750551662767903,0.0792385887043626,-0.025576247501559,29,952,-203,21.3,985.677777777778,-227.777777777778,0.994575075478355,0.994575075478355,0.994575075478355,358,553,184,338.842459127642,424.616666666667,10156.4033799169,347521.49,0.102894713781857,5974.79626709509,0.197594674414205,11802.0647529114,0,1578.53102696458,1
1447781,-184,771,-339,252,1190,-145,-9,985,-247,-7.08,984.74,-246.01,0,979.024965833152,-239.54520360814,86.5584195789179,987.589965522129,249.04073963912,7517.40767676768,5677.85090909091,1515.52515151515,86.7029853970881,75.3515156389764,38.9297463582175,3.14291773875199,3.41346581548875,2.41466641498315,0.310755991027733,0.168480913031933,0.121415993274849,-9,1019,-262,-9.37777777777778,983.622222222222,-246.233333333333,0.998845535995202,0.998845535995202,0.998845535995202,436,419,194,339.811563131171,433.183333333333,7582.14607394812,348282.53,0.0740837885282595,8933.88580950589,0.572011883194228,6693.95484007763,0,1496.55225477587,1
1449343,-213,761,-320,174,1361,-145,-9,995,-223,-8.86,991.19,-223.2,0,984.197735232706,-215.870172285191,70.880039503375,994.788545370321,226.922365579068,4995.43474747475,7218.82212121212,1692.44444444444,70.6783895365107,84.9636517648113,41.1393296547774,3.69793122593593,6.43485181227624,2.26700503803095,0.228357323013518,0.746386875378755,-0.341204552884597,29,1000,-213,-9.84444444444444,988.677777777778,-222.277777777778,0.997947193223724,0.997947193223724,0.997947193223724,387,600,175,339.782827755956,422.51,7658.59464047709,348707.33,0.0882546891620639,5632.33457812882,0.46440482926572,8500.64700260438,0,1617.12934757142,1
1450906,-281,742,-339,252,1209,-155,-4.5,971,-242,-1.82,980.52,-239.33,0,973.55946735665,-230.789916756321,111.374054429207,983.940790901566,243.449892174961,12526.1288888889,6787.88848484848,2009.09202020202,111.920189817963,82.3886429360776,44.8228961603556,2.55337818431303,3.86031145511229,2.08146373663112,-0.108871835930678,0.0648104168050577,-0.0522623937162899,-9,952,-252,-0.4,980.444444444444,-238.777777777778,0.99971144175281,0.99971144175281,0.99971144175281,533,467,184,338.850526537328,436.956666666667,12796.4429946505,346603.836666667,0.0694201520296849,14403.1675974897,0.160273503384635,8078.698420586,0,1964.72742909312,1
1452468,-223,790,-320,155,1190,-116,-4.5,995,-223,-14.9,990.44,-228.01,0,983.981206636333,-218.585648292565,81.3725998109929,993.636261415615,232.281790074039,6464.13131313131,6405.68323232323,1986.13121212121,80.3998215988774,80.0355123199898,44.5660320437125,2.9835008782086,2.94623460329985,2.26997154721906,-0.318451361005911,0.0489773487923685,0.137109446401387,-77,942,-203,-13.2111111111111,989.955555555556,-228.922222222222,0.998845535995202,0.998845535995202,0.998845535995202,378,400,204,340.246588536882,427.67,7547.88957768794,349296.45,0.163145117008123,7396.4693089788,0.191404694460562,7648.5063087235,0,2021.46584500282,1
1454031,-252,742,-330,223,1200,-116,-9,990,-223,-5.02,986.38,-223.25,0,980.814878121875,-214.915036903003,88.7068204818547,989.022658992199,227.057679896541,7922.92888888889,5273.04606060606,1731.94696969697,89.0108357948002,72.6157425122546,41.616666970061,3.71746782183458,4.45958038440925,2.94055045663497,0.0408553319519506,-0.417377298541836,0.0518420755825585,-38,990,-262,-5.67777777777778,987.877777777778,-222.977777777778,0.997947193223724,0.997947193223724,0.997947193223724,475,458,214,338.720190897797,425.663333333333,8154.7609039778,345863.303333333,0.0554246845282602,8688.56635660418,0.472201011066065,6186.0765280308,0,1601.68688818312,1
1455593,-203,809,-320,77,1190,-106,-29,980,-233,-31.93,984.86,-233.24,0,980.628163246385,-223.713984811738,66.9723077099782,986.962775387198,237.45424822479,3500.77282828283,4188.18222222222,2003.65898989899,59.167329061593,64.7161666218127,44.7622496072191,3.21000300423671,3.82776394546143,2.47748058972802,-0.621563991801817,0.103221368660255,0.224723565609077,-29,1028,-262,-29.4222222222222,984.933333333333,-233.644444444444,0.98581503717892,0.98581503717892,0.98581503717892,280,381,214,338.40481134304,423.116666666667,4377.40561053302,344988.443333333,0,3721.47180955751,1.08726913401308,4857.46946111815,0,2018.99429440665,1
1457156,-155,771,-310,223,1142,-116,-19,980,-213,-9.98,985.61,-217.51,0,980.40889989593,-207.315200609608,71.6505408214062,988.05872801165,222.206908083435,5085.0501010101,4881.79585858586,2086.17161616162,71.3095372373857,69.8698494243823,45.6746277068748,3.38155207916631,3.7272777994227,2.1079164262474,0.496213040138518,-0.636395261214908,0.0726583139495619,-48,980,-233,-12.6111111111111,988.811111111111,-217.9,0.997947193223724,0.997947193223724,0.997947193223724,378,371,194,337.654136020111,420.553333333333,6229.81631856545,343589.92,0.194692508211218,5684.98042469813,0.268868672731612,5747.76206361897,0,2094.3290110072,1
1458718,-233,780,-330,106,1209,-116,-38,1000,-233,-45.2,986.07,-234.6,0,980.582453725752,-222.983290686538,82.4405240158018,988.757265460032,239.485991239571,4801.41414141414,5360.49,2339.77777777778,69.2922372377609,73.2153672393986,48.371249495726,2.62592080483808,3.97782906541717,2.77128755282154,-0.23138625661688,-0.048559742912072,0.355737344376576,-9,1000,-233,-44.3888888888889,986.055555555556,-235.588888888889,0.979868756651153,0.979868756651153,0.979868756651153,339,429,214,339.354039204883,428.276666666667,5695.24712548405,347263.636666667,0.130865441992054,4821.81453041418,0.902787410210262,6319.4399551249,0,2112.57136177704,1
1460281,-174,866,-330,145,1180,-116,-29,1000,-213,-20.35,991.02,-217.32,0,988.15622491625,-205.529456309926,82.4044294925946,992.469143097154,222.912045434965,6440.77525252525,2903.39353535354,2486.66424242424,80.2544407028374,53.8831470438906,49.8664641058923,1.91512838243582,4.39275621964078,2.32640068268633,0.174183102200433,0.401471088219568,-0.151697418083376,-87,1000,-194,-21.5555555555556,989.644444444444,-217.155555555556,0.994575075478355,0.994575075478355,0.994575075478355,319,314,214,339.698850827805,426.65,7400.55222098476,347158.423333333,0.0892072138583423,7445.7258193704,0,3320.19744442063,0,2214.80226649831,1
1461843,-223,780,-330,97,1171,-145,-14,985,-252,-25.31,980.68,-245.68,0,974.056151369105,-236.739964340259,74.0593680772392,983.850080042686,249.77485862272,4893.12515151515,6290.62383838384,2049.31070707071,69.9508767029774,79.3134530731315,45.2693130837072,3.17863746053412,3.17195124950814,2.46924706884708,-0.636520113885243,-0.346528553808097,0.128152137270633,-38,971,-262,-22.0888888888889,982.177777777778,-246.144444444444,0.995378438820226,0.995378438820226,0.995378438820226,320,391,185,338.227404533382,427.263333333333,7483.21072884319,345277.75,0.155156813656347,5698.96826771126,0.44058408009042,7471.10620172788,0,2101.16682086385,1
1463406,-165,904,-320,87,1133,-174,-29,980,-252,-33.71,984.3,-249.41,0,981.389713086603,-245.473908916329,69.3476026982909,985.791377523663,251.275884238818,3709.82414141414,2967.82828282828,943.658484848486,60.9083257150789,54.4777778807862,30.7190248030188,1.95852380369357,2.45976721858375,3.04101823339039,-0.100318441714368,0.5292272775093,0.141610854640553,-48,942,-252,-32.9333333333333,982.2,-249.466666666667,0.987137774372186,0.987137774372186,0.987137774372186,252,229,146,339.378528084569,430.206666666667,4552.12700343881,346577.766666667,0.0896676556515056,4297.0588895924,0,3460.27598359479,0,942.824857986207,1
1464968,-116,885,-359,48,1095,-174,-24,971,-271,-29.44,975.05,-266.9,0,972.568058544171,-262.961712270065,48.6998973304873,976.299600532541,268.808444807822,1520.16808080808,2463.03787878788,1032.69696969697,38.9893329105293,49.6290023956545,32.1356028369932,2.30840372460618,2.32790866867974,2.98702767326946,-0.261664278123383,0.213858767803301,-0.0209647102664282,0,1000,-291,-28.8222222222222,974.122222222222,-266.733333333333,0.970950594454669,0.970950594454669,0.970950594454669,164,210,185,337.490985660666,426.51,2789.54168190528,342596.856666667,0,1531.52832147641,0,2892.15342175499,0,976.131818611889,1
1466531,-145,876,-310,48,1066,-233,-58,971,-271,-54.71,972.34,-271.43,0,970.884033313528,-270.297087630576,64.6022445430497,973.072350855783,271.980936831977,1192.18777777778,1439.11555555556,302.409191919192,34.5280723148249,37.9356765532863,17.3899163862047,2.96572493804256,3.07646408822047,2.73168865722438,0.102013192442064,0.242542539597342,0.307992141856515,-58,980,-271,-54.8666666666667,971.422222222222,-271.866666666667,0.927972814719956,0.927972814719956,0.927972814719956,193,190,77,337.230484357806,433.333333333333,1807.17938511441,341672.293333333,0,1302.17410717374,0,1664.89265469585,0,209.95298101347,1
1468093,-106,914,-320,-19,1028,-242,-67,971,-281,-67.66,969.42,-285.33,-61.9120157890518,968.844987398809,-284.444067732857,70.1093431719339,969.707461041731,285.765200820534,340.852929292929,563.054141414141,251.051616161616,18.4622027205025,23.7287619022599,15.8446084256322,2.65338552082916,2.73805681904846,3.15351842613961,-0.112537826226313,0.0420610911186636,0.18153337304924,-67,961,-291,-67.3888888888889,969.455555555556,-285.811111111111,0.91829583405449,0.91829583405449,0.91829583405449,87,114,78,337.695334413596,440.803333333333,611.755702445763,342303.21,0,356.612293639055,0,604.013641645242,0,201.071698043669,1
1469656,-194,895,-330,0,1123,-213,-67,961,-281,-74.23,969.72,-280.23,0,968.023433588706,-278.572737091096,83.7897965148502,970.598959405995,281.019625649171,1525.89606060606,1722.68848484849,447.653636363637,39.0627195751404,41.5052826137648,21.1578268346169,3.09066551706414,4.49330456241729,3.15914180294608,-0.456480697107887,0.96482481093536,0.451269704715939,-67,961,-281,-73.2444444444444,967.377777777778,-281,0.91829583405449,0.91829583405449,0.91829583405449,194,228,117,337.69791219517,441.393333333333,1762.25048301617,342685.033333333,0,1769.04782680927,0,1932.69153705833,0,402.080072787852,1
1471218,-106,885,-339,19,1066,-203,-48,971,-271,-46.13,973.92,-271.43,0,972.632886283218,-269.471773831943,54.083731380148,974.570089834487,272.385810937354,805.124343434343,1279.48848484849,525.035454545455,28.3747130987142,35.7699382841023,22.9136521433283,2.41852798697518,3.15881078066947,3.64846711785279,-0.151743134669263,0.361851062516,0.0361683649967349,-58,971,-271,-45.8777777777778,973.511111111111,-271.544444444444,0.92481870497303,0.92481870497303,0.92481870497303,125,181,136,337.577713533761,430.68,1455.27173051609,342301.98,0,805.282940811029,0,1457.77342428407,0,534.195881199283,1
1472781,-184,838,-339,106,1152,-145,-38,980,-271,-26.09,975.41,-265.7,0,970.801392629846,-257.076550611739,65.1944016001374,977.739142102841,269.158280571117,3605.67868686869,4595.11303030303,1868.37373737373,60.0473037435378,67.7872630388853,43.224688979491,2.90575304591909,3.07082733724148,3.36578121270984,0.247803234279317,0.30791119122696,0.894794740652765,-58,914,-300,-26.3,974,-268.288888888889,0.981453895033654,0.981453895033654,0.981453895033654,290,314,194,338.005889609924,431.753333333333,4971.40994483007,344223.44,0,3662.32725622874,1.21544730642504,5280.29926090187,0,1753.04852249335,1
1474343,-126,904,-310,0,1047,-213,-58,971,-262,-58.71,976.23,-263.63,0,975.406654745508,-262.40929871053,65.6531035062319,976.644843328423,264.234271055062,872.187777777778,818.320303030303,322.195050505051,29.5328254282887,28.6062983105173,17.9497924919775,2.06870779228774,2.83385202810757,3.48504430218531,-0.208543682548997,0.32217915831467,-0.0424204341807495,-38,961,-262,-58.3888888888889,975.644444444444,-263.644444444444,0.91829583405449,0.91829583405449,0.91829583405449,126,143,97,337.836655610334,432.856666666667,1078.29174679974,342655.076666667,0,881.111169666744,0,904.444798065234,0,280.151854725102,1
1475906,-145,904,-291,38,1114,-223,-87,971,-252,-79.33,978.48,-249.03,0,977.053207196307,-248.282047020823,88.3502688167953,979.208894975939,249.415777367832,1527.79909090909,1441.36323232323,194.231414141414,39.0870706360695,37.9652898358913,13.9366930848539,3.53922720166742,3.7771274131221,3.19477754545147,0.718821476557068,0.659379270357713,-0.674428522768755,-87,961,-242,-81.2444444444444,977,-248.255555555556,0.934068055375491,0.934068055375491,0.934068055375491,183,210,68,337.883330417403,436.24,1747.36942403303,342954.686666667,0,1728.74722014316,0,1633.1949822785,0,149.708681348973,1
1477468,-145,923,-310,-19,1047,-194,-87,980,-252,-82.6,978.63,-251.93,-67.4941475341899,977.997869553061,-249.949772334848,88.0745139072592,978.946111897892,252.899485962309,943.79797979798,625.063737373737,494.368787878788,30.7212952168033,25.0012747149768,22.2344054986588,2.23758856115269,2.94282350940055,2.99746747207692,0.141971330165833,0.0605073036232495,0.0346238171692625,-97,990,-262,-82.6666666666667,978.211111111111,-252.033333333333,0.91829583405449,0.91829583405449,0.91829583405449,126,124,116,338.201299490534,437.72,997.343993946585,343350.253333333,0,959.765433342327,0,640.622472324334,0,421.10852547215,1
1479031,-174,914,-291,-19,1057,-165,-97,980,-233,-93.31,982.59,-229.52,-79.2385452946535,981.931509814405,-225.819525648058,98.2056515685324,982.920693647255,231.261886181013,947.064545454545,656.547373737374,810.73696969697,30.7744138117129,25.6231803985644,28.473443235706,2.94439530949728,3.27306090075237,2.57860097703849,0.0973316999478395,0.233285159395994,0.258031748119048,-97,980,-242,-93.3666666666667,981.977777777778,-229.722222222222,0.91829583405449,0.91829583405449,0.91829583405449,155,143,126,338.062929882464,435.14,969.77460784945,343086.5,0,956.057299924292,0,689.652252293464,0,748.017189831789,1
1480593,-165,942,-271,-9,1038,-165,-67,990,-223,-69.41,988.08,-217.64,-54.3255704198583,987.673618395443,-215.890735361142,74.6631770017858,988.283936933106,218.487482478974,764.486767676767,407.124848484848,373.343838383838,27.6493538383227,20.1773350193936,19.3221075036818,3.32535196946086,2.4490025843099,3.34348687050778,-0.227053379436905,0.214181065791103,0.119869353282701,-87,1000,-233,-69.0777777777778,987.566666666667,-217.7,0.91829583405449,0.91829583405449,0.91829583405449,156,96,106,338.228602948236,425.043333333333,773.926241113775,343338.836666667,0,815.08450203887,0,368.826849750807,0,323.659143671613,1
1482156,-87,904,-291,252,1123,9,-24,990,-203,-13.11,997.99,-193.35,0,996.260609862167,-213.221934850726,55.2998191678779,998.881689691026,199.122951966869,2915.35141414141,1798.57565656566,2288.61363636364,53.99399424141,42.4096175008176,47.8394568987111,12.4705307032875,3.93312212794223,6.98448174626253,2.45857976868861,0.843104376285166,1.63575331116703,-48,990,-213,-18.2333333333333,996.244444444444,-197.077777777778,0.98581503717892,0.98581503717892,0.98581503717892,339,219,300,339.694457998739,410.816666666667,3970.53924569678,346824.216666667,0,2925.59596287926,0,1525.00112262116,0,1750.8647726917,1
1483718,-165,895,-291,155,1123,-9,38,980,-184,17.97,987.95,-179.93,0,985.209582898658,-146.818913747802,89.9036706703347,989.37170466918,184.620610983714,7838.1304040404,2839.56313131313,1727.23747474748,88.5332163882032,53.2875513728406,41.5600466162813,2.18826554402863,3.17356291697688,4.69400205397414,-0.66936539456354,0.795676369326187,0.428684128178606,97,990,-184,21.4888888888889,985.4,-180.677777777778,0.991777033412778,0.991777033412778,0.991777033412778,320,228,282,336.400007134027,415.843333333333,9342.56961212555,340341.27,0.0462574776662774,5714.0836056035,0,2914.52478356899,0,1408.32722331971,1
1485281,-339,942,-126,-155,1028,0,-252,990,-58,-252.71,988.08,-58.1,-245.770150211914,987.742367429181,0,255.905197289934,988.249310649899,64.6570955116297,1641.54131313131,337.993535353535,813.060606060605,40.5159390009822,18.3846004948037,28.5142176126333,2.63783199319479,2.91765415650838,2.35262393470867,0.180756238414172,0.19769510203541,0.00073039682272287,-242,990,-87,-253.444444444444,987.877777777778,-57.9222222222222,0.91829583405449,0.91829583405449,0.91829583405449,184,86,126,340.914579617939,432.963333333333,2251.671821396,348768.236666667,0,1419.81973334828,0,326.130727340193,0,632.211304707518,1
1486843,-310,942,-97,-213,1019,9,-262,980,-38,-262.34,982.32,-43.01,-260.315968170805,982.106961809528,0,263.354248114588,982.426149896266,47.1952328101049,538.570101010101,210.664242424242,381.343333333334,23.2071131554552,14.5142771926211,19.5280140652687,2.12883167144558,3.06436370593128,3.52257071599406,-0.146207296431515,-0.202221253204052,0.0272751875311926,-252,980,-38,-262.322222222222,982.522222222222,-43.0666666666667,0.92481870497303,0.92481870497303,0.92481870497303,97,77,106,339.358405784291,429.343333333333,568.017374378912,345581.33,0,517.036041689542,0,198.747475848166,0,335.671703275289,1
1488406,-242,552,-233,223,1123,-38,-106,1009,-106,-71.06,987.03,-114.48,0,973.572732448055,-94.6236063331333,150.886115994812,991.908518967349,124.86768997623,17896.056969697,9751.80717171717,2511.38343434343,133.776144994902,98.7512388363669,50.1137050550389,2.14334302636376,9.46922929974406,2.51787189424673,0.595495498106077,-2.45580649577167,-0.674760327485113,-106,1019,-77,-76.9,998.355555555556,-112.255555555556,0.98581503717892,0.98581503717892,0.98581503717892,465,571,195,335.452500794824,411.73,20733.6733341619,340747.023333333,0.0610020282927809,14249.1387756641,0.163761633026901,10354.6718779696,0,1944.49648815054,1
1489968,-135,561,-271,155,1152,-58,-9,990,-184,1.34,984.76,-179.71,0,975.024584509338,-168.078257135294,64.1641644533769,988.483272493774,183.972035918506,4156.81252525253,7421.13373737373,1565.68272727273,64.4733474022602,86.1460024456952,39.5687089411915,2.80713855715921,11.1299704053641,3.60519522428496,0.138553082929607,-2.08545132662572,0.473248672224307,-19,1009,-184,0.833333333333333,991.166666666667,-180.755555555556,0.997947193223724,0.997947193223724,0.997947193223724,290,591,213,334.603589348592,404.983333333333,7791.70156026058,338353.976666667,0.205341519024759,4855.60330616433,0.462252995114991,8548.36553846158,0,1553.06127355618,1
1751515,-106,895,-291,242,1228,-58,-9.5,985,-203,-0.56,993.43,-201.95,0,989.78902012381,-190.515492793406,67.5264392664088,995.353118244977,206.266502370113,4605.56202020202,3863.29808080808,1779.86616161616,67.8642912009108,62.155434845298,42.1884600526751,3.2337122767138,5.11925166741982,3.34224256325834,0.512096806410112,1.0908341557983,0.39370936927834,-29,961,-203,-3.01111111111111,989.555555555556,-203.088888888889,0.99919835426364,0.99919835426364,0.99919835426364,348,333,233,338.971522455039,417.22,4963.25833111487,345944.506666667,0.110046807532311,4800.97083071496,1.51108443190982,4426.85130943523,0,1663.96099289615,1
1753078,-155,828,-271,155,1171,-106,-9,990,-194,-5.84,995.25,-192.81,0,991.558903584899,-187.635419517259,61.449816924056,997.08987057336,195.337067654862,3779.77212121213,3702.67424242424,990.781717171718,61.4798513434452,60.8496034697371,31.4766852951787,2.87121839957552,3.84176213571795,3.39772818244098,0.140434367044572,0.135957921274446,-0.29981203107268,-9,990,-213,-5.84444444444444,994.666666666667,-192.088888888889,0.996117268879145,0.996117268879145,0.996117268879145,310,343,165,338.736043115083,412.58,4104.27566748809,345373.62,0.0862776744510272,4385.69233786114,0.36797631139605,4339.19995461684,0,885.964667495328,1
1754640,-126,847,-271,145,1238,-58,-4.5,1009,-165,-1.06,999.82,-168.07,0,995.475976661591,-152.110855133041,61.4403776030063,1002.06884992998,174.6902687616,3811.91555555555,4547.42181818182,2292.08595959596,61.7407123019775,67.4345743530855,47.8757345593356,2.35375900978798,4.70145097059166,2.32863780096032,0.115522680335188,0.743312829879446,0.0569096309293208,-19,1009,-155,-2.02222222222222,996.255555555556,-168.455555555556,0.99919835426364,0.99919835426364,0.99919835426364,271,391,213,338.961125479497,406.056666666667,4587.76191248809,346144.53,0.157769898495573,4319.73307699834,1.01677633750014,5205.59358217298,0,1899.00373800796,1
1756203,-116,857,-271,165,1238,-38,9,1009,-150,1.53,1002.94,-155.03,0,999.299065273662,-136.81965591852,55.5777833311117,1004.74605746925,162.092720379417,3117.72636363636,3662.62262626263,2262.37282828283,55.8366041556644,60.5196053049144,47.5644071579036,2.73631248807005,4.8400321510475,2.63031269688866,0.185313261255461,0.0965770056962326,-0.0846505022306963,9,1019,-116,0.833333333333333,1002.88888888889,-155.055555555556,0.999871756640849,0.999871756640849,0.999871756640849,281,381,233,339.20501293593,400.826666666667,4002.06561515746,346292.526666667,0,3503.80019861264,0.952713415688253,4117.01877264342,0,1873.30950628752,1
1757765,-155,800,-271,184,1219,-67,0,1000,-184,4.48,994.35,-181,0,989.759365153477,-168.429543138736,67.054753746472,996.616139744887,186.008763234424,4521.48444444444,4557.38131313131,1856.82828282828,67.2419842393459,67.5083795771407,43.0909304010517,2.72727171176043,4.37922106463878,2.75409420419207,0.103321276882433,0.050790561749192,0.312292755460991,-9,990,-184,4.32222222222222,994.5,-182.066666666667,0.999871756640849,0.999871756640849,0.999871756640849,339,419,204,337.990568544963,409.93,5067.63507255175,344113.11,0.199829438897088,5231.00988956448,0.544692819388487,5345.88821613107,0,1824.77714458094,1
1759328,-184,838,-300,87,1133,-87,-19,1000,-189,-34.53,995.37,-191.84,0,991.826831390818,-178.261850915306,69.4572530409892,997.124189858014,197.729663935384,3668.67585858586,3530.51828282828,2317.61050505051,60.5695951661051,59.418164586499,48.1415673306396,2.73893254848938,2.80429679724287,2.34705496675003,-0.397000240260211,-0.0433746988217188,0.0886417972804577,-19,990,-233,-32.9888888888889,994.788888888889,-192.488888888889,0.981453895033654,0.981453895033654,0.981453895033654,271,295,213,339.051232824938,413.166666666667,4264.15156580473,346059.326666667,0,3507.74048313388,0,3991.631022711,0,2092.58886545577,1
1760890,-174,838,-320,194,1161,-87,-38,1000,-194,-22.38,997.47,-199.74,0,994.681244412945,-186.402847377594,74.7275049764141,998.839291377747,205.876856397216,5134.68242424243,2761.14050505051,2514.35595959596,71.656698390607,52.5465555964471,50.1433540920027,3.51387536395914,4.4376113836971,2.36871967608932,0.590475769215141,-0.150856422897826,-0.102694565153864,-67,1000,-194,-24.8777777777778,997.866666666667,-199.244444444444,0.989587521222056,0.989587521222056,0.989587521222056,368,323,233,340.423641135502,419.316666666667,5550.86319525681,348549.803333333,0.129807626279472,5889.13768328531,0,3116.90079983444,0,2393.14517031462,1
1762453,-145,857,-330,67,1180,-97,0,1000,-184,-17.94,996.13,-191.47,0,992.769173134135,-175.860067508939,53.9640621154486,997.826823652281,199.111149863587,2616.44080808081,3417.56878787878,3014.63545454545,51.1511564686548,58.4599759483254,54.9056960118479,2.41569568639807,3.6364708590636,2.76193969559899,-0.417382748689733,0.323852829968001,-0.424732886648503,9,990,-184,-16.5777777777778,994.277777777778,-189.5,0.996117268879145,0.996117268879145,0.996117268879145,212,323,233,339.160854608086,409.593333333333,4228.63232530917,346071.913333333,0,2838.22963498061,0,3766.78887746017,0,2882.23609037131,1
1764015,-223,857,-300,126,1123,-106,-19,990,-203,-22.63,990.46,-204.73,0,987.685880606307,-195.988139538944,70.0797402963224,991.830560126073,208.670050558292,4443.48797979798,2744.29131313131,1645.2697979798,66.659492795835,52.3859839377988,40.5619254717993,3.05660922637698,3.17846495018275,2.42112400448114,-0.473989896166082,-0.098764305765493,0.153476748246029,-38,990,-233,-20.1777777777778,990.288888888889,-205.222222222222,0.996791631981637,0.996791631981637,0.996791631981637,349,266,194,338.22743876233,416.933333333333,4757.83301644505,344060.74,0.109762237742888,4979.73078275124,0,3132.06434096931,0,1376.14980294495,1
1765578,-116,914,-281,77,1085,-145,0,990,-203,-8.05,991.2,-208.86,0,990.198223100158,-204.371349233935,43.7615127709269,991.701033578165,211.111202923957,1868.95707070707,1003.53535353535,954.990303030303,43.2314361397707,31.6786261308055,30.9029173870414,2.32093152782306,2.92132501602641,2.51181351599445,-0.310883940619647,0.0769361449051692,-0.273007029963312,29,990,-184,-7.53333333333333,990.8,-208.388888888889,0.99919835426364,0.99919835426364,0.99919835426364,193,171,136,338.150249172635,412.163333333333,1933.75893974299,343317.983333333,0,2118.58090609463,0,1077.46129085764,0,931.248298291156,1
1767140,-135,933,-300,97,1057,-145,-9,995,-213,-20.07,990.26,-215.06,0,989.454898596968,-209.671400990741,54.1753634044111,990.659184583679,217.764643594868,2557.74252525252,798.739797979798,1182.46101010101,50.574129011309,28.261985032545,34.3869308037372,2.59210741977435,2.39356674071139,2.76050791674213,-0.333507558989073,-0.249840431665789,-0.332372281358541,0,1000,-213,-19.5,990.477777777778,-214.522222222222,0.991777033412778,0.991777033412778,0.991777033412778,232,124,155,338.466111685494,415.41,2781.61023342012,343920.676666667,0,2959.15082563449,0,829.438693775594,0,1153.23555148185,1
1768703,-174,895,-320,97,1076,-126,0,990,-223,-5.93,989.41,-219.64,0,987.930945749562,-214.832969549501,61.5604580879642,990.143479501835,221.951391074713,3792.4495959596,1466.62818181818,1031.0004040404,61.5828677146461,38.2965818555414,32.1091950076673,2.7975441241346,2.69399035281096,3.42429137973832,-0.452075717156531,-0.138253432151171,-0.140492952493844,38,990,-223,-3.58888888888889,989.455555555556,-219.266666666667,0.99971144175281,0.99971144175281,0.99971144175281,271,181,194,338.620634205731,419.706666666667,4346.04370773205,344478.74,0.0773998719569164,4485.55591837682,0,1643.03908794238,0,1094.15804940036,1
1770265,-97,885,-271,87,1114,-145,9,990,-203,2.01,991.51,-208.45,0,989.573704368882,-205.842447238102,55.6545595616388,992.492272010216,209.750208581541,3124.63626262626,1968.51505050505,549.239898989899,55.898445976845,44.3679507133815,23.4358677882834,1.57785757170787,2.89511603046375,3.34857692132884,-0.133737365887227,0.414896260684376,-0.26658213228672,67,990,-203,2.56666666666667,989.877777777778,-208.133333333333,0.999871756640849,0.999871756640849,0.999871756640849,184,229,126,338.348012240098,416.663333333333,3364.64294798552,344044.496666667,0,3645.50944045603,0,2262.65027316893,0,443.761039926451,1
1771828,-97,904,-281,126,1104,-145,9,985,-213,3.4,992.44,-212.86,0,989.59031782549,-209.224162734549,61.0593154236108,993.874428688051,214.652509885163,3754.22222222222,2878.00646464646,774.06101010101,61.2717081712451,53.6470545756844,27.8219519462781,1.70416220976076,1.90799612738186,2.37755598434218,-0.173788710328841,0.185311586685723,-0.107913365072361,-67,961,-194,3.78888888888889,991.766666666667,-212.6,0.998845535995202,0.998845535995202,0.998845535995202,223,200,136,339.134955506434,419.846666666667,4619.20331066177,345863.44,0.0480834600152381,4409.51087162283,0,3311.85880414443,0,817.969299876345,2
1773390,-97,904,-310,116,1076,-155,0,990,-213,7.73,987.74,-216.18,0,986.496141879596,-211.45210776377,40.4107658922718,988.364801072964,218.60452877285,1589.16878787879,1247.14383838384,1064.79555555556,39.8643799384712,35.3149237346456,32.6312052421536,3.36211412145009,2.56902582536183,2.82612698391482,0.288097147666466,0.192924585904213,-0.442452938444435,0,952,-213,7.28888888888889,987.066666666667,-215.233333333333,0.99919835426364,0.99919835426364,0.99919835426364,213,172,155,337.514012769247,411.116666666667,1750.71000623027,342095.316666667,0,1750.71483180384,0,1338.64725396255,0,1087.15639572089,2
1774953,-116,904,-310,106,1095,-67,19,990,-194,14.63,996.99,-192.91,0,995.080070317172,-183.675481886548,52.8863876626113,997.952288438681,196.843719737258,2609.02333333333,1939.10090909091,1548.66858585859,51.0785995631569,44.0352235044959,39.3531267608888,2.43153173529844,2.29584104036406,3.57882596508302,-0.296673286903159,0.239741210449374,-0.0214560062372336,9,971,-194,15.6,996.077777777778,-192.833333333333,0.996791631981637,0.996791631981637,0.996791631981637,222,191,243,339.220159886766,411.216666666667,2887.44692933945,345817.73,0,2936.10648193897,0,2025.68502326298,0,1209.56334780652,2
1776515,-67,866,-320,135,1095,-77,38,995,-184,33.06,995.43,-187.36,0,993.401894193029,-176.902309796487,58.0449825566345,996.426359546956,192.147599516622,2299.24888888889,2004.65161616162,1835.28323232323,47.9504837190292,44.7733359954518,42.8402057922605,2.33103252055918,3.18398849021037,3.17867359853071,0.019886224328646,-0.281913015807476,-0.224265820875204,48,980,-155,32.9555555555556,996.244444444444,-187.2,0.989587521222056,0.989587521222056,0.989587521222056,202,229,243,338.524701608451,409.796666666667,3039.23947429902,344385.136666667,0,2570.36437282591,0,2220.37777168222,0,1935.09918127145,2
1778078,-116,923,-271,145,1066,-97,48,990,-184,34.01,995.71,-187.99,0,994.528173949932,-179.340127093446,65.5636332123228,996.301224530011,191.930951125659,3173.64636363636,1189.62212121212,1512.37363636364,56.3351254870029,34.4908991070416,38.8892483388871,2.70797114515243,2.19025962029762,2.54005723536846,-0.341285433147702,0.0648504900080647,0.0350891602553634,58,990,-184,35.2,995.6,-188.211111111111,0.992774453987808,0.992774453987808,0.992774453987808,261,143,174,338.7449263591,412.67,3337.87846528483,344584.07,0,3555.763684752,0,1238.90566047143,0,1414.02214758091,2
1779640,-48,876,-281,126,1085,-87,33.5,1000,-179,38.8,997.98,-183.87,0,996.298454714018,-174.356429640987,55.1575924057604,998.801151380994,188.286457293136,1552.44444444444,1656.22181818182,1660.21525252525,39.4010716154325,40.6967052497105,40.7457390720214,2.43111565974829,3.14721257700698,2.23346764220841,0.0202257978993413,-0.485462443935647,-0.0415571472162637,19,990,-155,39.0111111111111,999.077777777778,-184.188888888889,0.972867104360788,0.972867104360788,0.972867104360788,174,209,194,339.080537547977,408.836666666667,2616.7140423056,345365.963333333,0,1755.22162318819,0,1843.99444924377,0,1677.35130438362,2
1781203,-106,914,-262,155,1066,-116,58,1000,-184,51.42,997.09,-188.1,0,996.014350648582,-182.013092248965,77.724127528072,997.621085382622,191.014240306842,3431.33696969697,1070.06252525253,1115.9898989899,58.5776149198392,32.7118101800027,33.4064349937239,2.93310793241457,2.7037569660115,2.59485675952024,-0.483941366059562,-0.323474398657274,-0.0905871370387127,97,1009,-184,53.2444444444444,997.555555555556,-187.777777777778,0.966917009359681,0.966917009359681,0.966917009359681,261,152,146,339.406805959494,417.123333333333,3548.18136015441,345925.103333333,0,3832.12812410871,0,1151.81429664098,0,1077.86480776985,2
1782765,-48,857,-262,155,1085,-135,58,1000,-203,58.34,993.91,-197.21,0,992.409251570808,-193.244805351548,74.4846292868535,994.646233592628,199.1980672597,2166.06505050505,1478.8302020202,796.046363636364,46.5410039696723,38.4555613926023,28.2142936051279,2.21269951206055,3.92681479829849,2.51717920439939,-0.0976029313428134,-0.367594198923319,-0.25929625712763,67,1000,-203,58.6888888888889,994.766666666667,-196.511111111111,0.960362270315478,0.960362270315478,0.960362270315478,203,228,127,338.80118394085,417.746666666667,2284.92442643765,344849.653333333,0,2473.87226871631,0,1661.98873347145,0,791.184336014646,1
1784328,-77,895,-271,262,1114,-97,77,980,-194,75.78,994.57,-196.47,0,991.403028319889,-189.906830907026,115.747829353297,996.164860853865,199.589804348819,7732.27434343434,3207.01525252525,1248.1102020202,87.9333517127281,56.6305152062495,35.3286031710879,1.80647978183058,2.01128400641526,2.45199285422271,-0.0217246575901963,0.195744736348609,-0.101276999490963,-19,971,-184,75.4333333333333,993.6,-196.666666666667,0.98581503717892,0.98581503717892,0.98581503717892,339,219,174,340.373702234462,428.593333333333,8463.35935751358,348526.026666667,0.0374541336047262,9115.08698321381,0,3715.65612856157,0,1145.62016474663,1
1785890,-106,866,-291,223,1114,-145,97,980,-203,75.25,986.25,-214.65,587.573588611114,982.935940818861,-208.037752204379,130.322254431083,987.909322761963,217.933866115388,11435.6843434343,3308.85606060606,1434.89646464646,106.937759203353,57.5226569327779,37.8800272524515,1.53713546233907,2.18344609306386,2.0179792117898,-0.211985967382152,0.106501785481471,-0.188888400296892,203,961,-203,77.0444444444445,985.833333333333,-214.611111111111,0.989587521222056,0.989587521222056,0.989587521222056,329,248,146,339.5442573741,437.636666666667,12427.9648387681,346814.63,0.0296386832996569,13661.1687333048,0,3819.69712842529,0,1469.24922889341,1
1787453,-67,923,-291,233,1085,-106,97,980,-194,81.1,989,-197.58,0,987.353198022023,-189.495751742287,103.226353224358,989.835380252696,201.605208266056,4119.66666666667,1669.77777777778,1623.03393939394,64.1846295203662,40.8629144552585,40.2868953804328,2.58526847994542,2.29536282004306,2.33455872173986,-0.193927264717279,0.409626273365465,-0.300128425738258,58,961,-194,81.7888888888889,987.522222222222,-196.633333333333,0.9580420222263,0.9580420222263,0.9580420222263,300,162,185,338.258208393354,424.726666666667,4602.79115247159,343691.473333333,0.0923961021798165,4894.42817370273,0,1828.99128909778,0,1681.16725681485,1
1789015,-48,914,-271,184,1066,-135,87,990,-203,81.1,985.73,-201.37,0,984.20506440138,-198.446723400876,98.9531202135637,986.490815973469,202.766935174352,3246.9797979798,1515.65363636364,570.255656565656,56.9822761740859,38.9313965375458,23.8800263099867,2.10308415008199,1.81331092422626,3.41028164159829,-0.244642623764579,-0.0137081535621726,0.0500340170846735,116,952,-203,82.3333333333333,985.477777777778,-201.588888888889,0.942683189255492,0.942683189255492,0.942683189255492,232,152,136,337.080744805996,423.813333333333,3900.98584909781,341356.76,0,3836.28760893816,0,1711.57019288089,0,559.55645026229,1
1790578,-145,866,-262,252,1133,-135,87,990,-194,80.71,989.02,-195.29,0,985.524154923623,-191.048436013992,138.618577398558,990.76983199934,197.458881795679,12829.2988888889,3499.29252525253,860.430202020202,113.266494996927,59.1548182758812,29.3330905637337,1.74825080822654,2.24442689942372,2.48799783789057,-0.170923830942406,0.105858689586683,-0.390771310713554,-19,961,-174,82.5555555555556,988.477777777778,-194.6,0.990714754613131,0.990714754613131,0.990714754613131,397,267,127,339.372047271031,433.406666666667,13645.8491009137,346609.993333333,0.0294674609059658,15391.7232455505,0.9375344985498,4121.68875541663,0,901.925845280209,1
1792140,-77,895,-262,203,1095,-126,101.5,990,-184,80.29,992.88,-189.2,0,990.088115048677,-184.525765239095,107.498325568355,994.279125799189,191.670811549385,5161.01606060606,2808.36929292929,950.565656565656,71.8402120027917,52.9940495992644,30.8312448105109,1.96731834831404,2.08210892652366,2.88546301312947,-0.263481856492791,0.112787169269338,-0.639909987018773,126,1000,-174,80.8,992.344444444444,-188.155555555556,0.970950594454669,0.970950594454669,0.970950594454669,280,200,136,339.018084583467,424.143333333333,6195.96265373766,345628.19,0.0554518156033407,6115.11996102675,0,3260.14403778871,0,1049.23829698486,1
1793703,-48,876,-271,174,1104,-126,82,995,-189,76.37,991.16,-193.73,0,988.674501898016,-187.714284541417,97.2149679833306,992.400927045113,196.720181984462,3654.92232323232,2486.31757575758,1179.3102020202,60.4559535797123,49.8629880347897,34.3410862090907,1.86029578491116,2.27019960162875,2.40737792312638,-0.237458600324784,0.0465583529157592,-0.25511997657809,135,1019,-184,77.3111111111111,990.644444444444,-193.411111111111,0.960362270315478,0.960362270315478,0.960362270315478,222,228,145,338.431039016314,422.2,4174.01442494289,344336.393333333,0.187260251000565,4324.24929817162,0,2810.34152191361,0,1324.52001880757,1
1795265,-9,895,-262,165,1095,-135,87,990,-194,86.71,991.97,-193.86,0,990.121308672951,-189.783499406009,99.6088851458543,992.893433355262,195.960608286461,2427.58171717172,1851.40313131313,827.131717171717,49.2704954021341,43.0279343138052,28.7598977253348,1.89360106905228,2.36575059719265,2.62225762864678,-0.228555141305033,0.0471503081095728,-0.452223935386608,87,971,-184,87.6,991.966666666667,-192.9,0.939881438037007,0.939881438037007,0.939881438037007,174,200,127,338.718971001817,424.3,2737.59169018253,344719.953333333,0,2883.11846676453,0,2161.03661328279,0,884.481033488196,1
1796828,-19,885,-281,242,1114,-135,97,990,-194,88.8,988.7,-198.52,0,986.358509442124,-193.596079497413,104.603346026788,989.877861152577,201.021143166583,3087.29292929293,2354.0303030303,1009.40363636364,55.5634135856764,48.5183501680581,31.7711132377139,2.52196709784568,2.65610603670075,2.43420367861451,0.19066936273503,0.215148139329118,-0.346036237798604,29,952,-184,87.7888888888889,988.233333333333,-197.877777777778,0.934068055375491,0.934068055375491,0.934068055375491,261,229,146,338.147377210362,425.526666666667,3500.59232927902,343736.513333333,0,3651.80464090024,0,2684.00921758948,0,1055.563815436,1
1798390,-48,866,-262,184,1142,-145,97,985,-194,82.7,988.55,-201.91,0,984.764352686716,-197.101117670155,104.892135072178,990.449549447119,204.341356558089,4205.12121212121,3797.17929292929,997.719090909091,64.8469059564233,61.6212568269205,31.5866916740119,1.90165046519002,2.59080928700657,2.05462501951446,-0.311111571324417,0.168553840514544,-0.267739321318756,116,1028,-194,84.2444444444444,987.855555555556,-201.4,0.960362270315478,0.960362270315478,0.960362270315478,232,276,117,338.357219716744,426.493333333333,5228.2077187133,344582.686666667,0.0750148631199792,4990.60085200209,0.826513161498012,4483.69894590605,0,1082.48246943868,1
1799953,-38,866,-271,165,1095,-145,97,995,-203,88.06,987.87,-206.73,0,985.172211945278,-202.648514412957,98.31663134994,989.191210029689,208.710541180842,1930.90545454546,2638.49808080808,831.108181818182,43.9420693020419,51.3663127040289,28.8289469425815,2.50417455113669,2.56938785636649,2.29458681008615,-0.411537999354218,-0.306755894378953,-0.013518449440795,97,971,-184,89.1333333333333,989.022222222222,-206.988888888889,0.92481870497303,0.92481870497303,0.92481870497303,203,229,126,338.211394915028,427.806666666667,2901.22439911803,343908.5,0,2251.83284219614,0,3079.93275448735,0,851.660783606536,1
1801515,38,895,-281,165,1057,-145,116,971,-223,112.8,979.94,-220.17,104.382633480803,978.47731340304,-215.112142141865,115.7954230529,980.670393149503,222.453568188959,691.656565656565,1446.48121212121,1020.97080808081,26.299364358413,38.032633515459,31.9526338207167,3.1947618490164,2.24339643286953,2.65247364986738,-0.602478651173286,0.0243686020122002,0.410226568693854,97,952,-223,113.955555555556,979.866666666667,-220.955555555556,0.91829583405449,0.91829583405449,0.91829583405449,127,162,136,337.203156527751,437.636666666667,1595.6757602938,341536.196666667,0,787.29314805874,0,1624.22453332726,0,935.15891129527,1
1803078,38,857,-300,174,1095,-165,116,980,-233,114.04,975.15,-234.2,105.590248927713,972.663338897975,-231.186663269365,117.407154807533,976.382716971168,235.679400881791,787.190303030303,2429.98737373737,702.161616161618,28.0569118584049,49.2949021069864,26.4983323279337,2.53782324745855,2.43757972030833,2.7262102716162,-0.30745636923157,-0.0856958702490909,-0.0638960033937055,126,990,-252,114.688888888889,975.188888888889,-233.955555555556,0.91829583405449,0.91829583405449,0.91829583405449,136,238,135,336.761196212259,441.13,2704.36001427403,340884.143333333,0,842.707147851982,0,2804.6613730555,0,774.063593919481,1
1804640,87,866,-281,194,1085,-165,135,980,-223,134.53,975.7,-224.09,130.517751762965,973.870062064102,-221.615728448711,136.507325810742,976.604239188014,225.311628639092,541.342525252526,1783.18181818182,554.547373737374,23.2667686895393,42.227737545147,23.5488295619416,2.70349794236609,2.76741161400637,2.51764445297203,0.241808151661635,-0.186621892501604,-0.0681599476610214,135,942,-213,134.088888888889,976.333333333333,-223.911111111111,0.91829583405449,0.91829583405449,0.91829583405449,107,219,116,336.897256865434,444.773333333333,1838.3546240473,341051.806666667,0,623.319964870657,0,2078.7558709565,0,599.316557432552,1
1806203,29,885,-291,184,1133,-165,126,971,-233,127.49,976.94,-230.12,117.230408210395,974.098450331713,-226.061494914632,130.869973637959,978.388542451311,232.099116758337,882.070606060606,2860.98626262626,924.025858585859,29.6996735009092,53.4881880663971,30.3977936466754,3.48108231798228,2.82685614443929,2.30751475273173,-0.648657726284782,0.458019075910378,-0.0240390920654713,126,952,-233,128.866666666667,975.388888888889,-230.388888888889,0.91829583405449,0.91829583405449,0.91829583405449,155,248,126,337.57534199208,444.85,3077.63332724626,342747.03,0,1017.65698896731,0,3351.99074676478,0,979.625011373054,1
1807765,19,876,-291,271,1123,-155,126,971,-223,128.14,976.45,-225.16,112.653494698061,973.646633253607,-222.070552732675,133.368437045652,977.878872867187,226.616813145009,1381.09131313131,2820.69444444444,664.802424242424,37.1630369201888,53.1102103596328,25.7837628022448,5.57442399125765,2.82167605486944,2.73189087719833,0.471332562772978,0.457900024106472,0.276889499535572,135,942,-223,127.644444444444,974.844444444444,-225.644444444444,0.91829583405449,0.91829583405449,0.91829583405449,252,247,136,337.031469186193,443.25,3164.92817298951,341796.47,0,1622.60963071674,0,3348.35798427798,0,683.311356294552,2
1809328,-19,847,-349,194,1104,-116,121,985,-213,106.89,982.37,-216.42,0,980.196438333739,-207.44539975032,118.088483773821,983.449576745041,220.65851445163,2544.86656565657,2143.69,1871.27636363636,50.4466705111107,46.3,43.2582519715761,2.70144895756917,4.24880088611666,2.86313431399458,-0.597705193683436,0.0224630072378147,-0.129153850356059,135,1009,-184,108.833333333333,982.066666666667,-216.266666666667,0.934068055375491,0.934068055375491,0.934068055375491,213,257,233,337.891440025718,435.533333333333,2991.49385808362,343269.38,0,2576.23330217729,0,2484.19563620217,0,1749.50246101609,2
1810890,-87,780,-320,349,1257,-97,116,990,-213,112.42,982.6,-204.62,84.1032159852091,975.627707836789,-190.092990785521,139.489927951806,985.981794963781,210.453937953178,6888.06424242424,6724.58585858586,2445.97535353535,82.9943627147305,82.0035722306404,49.456802904508,3.55519799591946,4.39841478883935,2.74057923299546,-0.139569178079812,-0.0721860998270629,0.345017609218702,97,1000,-223,112.288888888889,983.044444444444,-205.611111111111,0.945415365310838,0.945415365310838,0.945415365310838,436,477,223,338.149981464256,436.546666666667,9046.25559977113,345302.8,0.0666071021851281,8220.69912967817,0.317612286238234,8047.39494923943,0,2656.71775062264,2
1812453,-77,771,-368,359,1200,-58,116,985,-194,126.43,985.59,-194.64,0,974.312367433546,-170.215641096356,150.03329630452,991.253201760277,204.228352586021,6591.35868686869,11308.3453535353,3863.12161616162,81.1871830208974,106.340704123752,62.1540152859139,3.43856708172609,2.31307672137533,2.91198933486473,0.131768083497653,0.20500701122068,-0.0522861917374817,97,866,-252,125.911111111111,984.666666666667,-194.333333333333,0.939881438037007,0.939881438037007,0.939881438037007,436,429,310,339.186645820091,437.213333333333,11749.0162225412,348934.04,0.336758126067349,7613.51414210389,0.690516044059524,13369.4231110198,0,3898.9833451147,2
1814015,-29,876,-271,349,1142,-87,77,990,-194,99.04,988.58,-192.64,0,984.893541678297,-182.021351035304,127.743336421122,990.431431246,196.796900382094,6575.1903030303,3701.01373737374,1635.20242424242,81.0875471513987,60.8359576021758,40.4376362346073,3.18458713574669,2.25341735019619,3.08283123612538,0.776752837020793,0.162379423113364,0.568538652909929,77,952,-223,95.1666666666667,988,-194.033333333333,0.939881438037007,0.939881438037007,0.939881438037007,378,266,184,338.647380202575,427.58,7929.15764752686,345333.933333333,0.118197460175725,6903.3905078665,1.07658466627943,4378.23882902933,0,1643.95725442193,2
1815578,-29,828,-281,184,1123,-135,87,990,-194,80.44,992.96,-189.92,0,989.793941769301,-185.774495942829,91.8142690435425,994.511709332776,192.014114064566,1979.05696969697,3115.1296969697,807.892525252525,44.4865931455418,55.8133469429105,28.423450270024,2.83265102488347,3.35132448106454,3.26569086741112,-0.122682001738793,-0.2047146463815,-0.39588638754997,87,961,-194,80.7555555555556,993.722222222222,-189.088888888889,0.937009825269208,0.937009825269208,0.937009825269208,213,295,146,338.454179507523,421.553333333333,4040.84474239971,344784.273333333,0,2151.43059869008,0,3683.89232374118,0,839.50184333968,2
1817140,19,895,-252,194,1076,-116,97,990,-194,95.87,987.19,-196.81,70.5520470393632,985.880714157049,-194.221984327554,105.142046774827,987.845164992976,197.981741582399,1882.61929292929,1307.04434343434,467.266565656566,43.389161007437,36.1530682437099,21.6163494988531,2.3204160117753,2.60214308108643,4.19128676092016,0.130682966730428,0.0893469133358373,0.448386254505551,106,961,-203,95.0222222222222,986.988888888889,-197.244444444444,0.91829583405449,0.91829583405449,0.91829583405449,175,181,136,337.420010705052,426.623333333333,2099.61327029617,342029.896666667,0,2212.39716017782,0,1479.50317648704,0,482.095513445188,2
1818703,29,895,-281,135,1123,-135,87,990,-194,86.72,988.67,-201.51,78.0138950229903,986.630514102463,-197.415653057819,90.434285533751,989.703991100369,203.544909049576,664.648080808081,2066.28393939394,832.575656565657,25.7807695930141,45.4563960229354,28.8543871285747,2.0357503125231,2.93578074310803,2.63514711277981,0.0071547511523246,0.396318934176972,-0.218085389144712,67,1000,-194,87.0222222222222,987.255555555556,-201.088888888889,0.91829583405449,0.91829583405449,0.91829583405449,106,228,146,337.788699398706,425.633333333333,2439.22001171699,343040.96,0,753.373374049527,0,2375.47156181093,0,917.265017720981,2
1820265,29,895,-262,155,1114,-106,87,985,-203,86.11,991.62,-200.41,74.0640406124256,988.332892807285,-194.545657463115,91.0373000478375,993.28447083401,203.086311700223,881.674646464647,3337.18747474748,1090.7897979798,29.6930066929007,57.7683951200609,33.0271070180208,2.15839280258241,2.0258241783621,2.48798831311934,-0.0286551272465197,0.288540833695407,0.200225257688316,77,952,-184,86.0444444444445,990.433333333333,-200.933333333333,0.91829583405449,0.91829583405449,0.91829583405449,126,219,156,338.694381548529,426.046666666667,4076.79168063318,345381.96,0,999.620794927637,0,3966.68959489936,0,1244.92262850823,2
1821828,29,876,-271,184,1104,-97,87,975.5,-213,89.1,985.68,-208.4,77.9299603742531,983.019226470551,-200.013677577887,93.7456132307,987.029584156422,211.936688659609,858.010101010102,2689.2298989899,1501.61616161616,29.2918094526457,51.857785326698,38.7506924017644,2.8814664233575,2.56962670145157,2.52829881051026,0.12704358242031,0.364805524400084,0.503649343325469,87,961,-242,88.9333333333333,984.877777777778,-210.022222222222,0.91829583405449,0.91829583405449,0.91829583405449,155,228,174,337.475486849467,427.726666666667,3355.15123360134,342644.266666667,0,926.465273653574,0,3180.71091202925,0,1541.50886981713,2
1823390,0,914,-262,165,1076,-145,67,990,-213,73.2,989.41,-207.51,0,988.069736635625,-203.668018757931,80.701920671072,990.080769432474,209.299044431646,1166.22222222222,1341.19383838384,753.222121212122,34.1499959329752,36.6223133947576,27.444892443078,2.95317923039994,2.51743587897891,2.40540599186946,0.286971927890398,0.0903014751988778,0.310848690783689,58,990,-223,72.5333333333333,989.022222222222,-208.066666666667,0.92481870497303,0.92481870497303,0.92481870497303,165,162,117,338.148892639341,423.373333333333,1689.75839655511,343526.273333333,0,1199.23299540632,0,1538.78601121838,0,801.815259894116,2
1824953,-19,933,-242,87,1047,-165,29,990,-203,30.1,991.9,-204.95,0,991.245978926705,-203.993860689035,40.183827592702,992.227796425801,205.420763312767,715.888888888889,656.959595959596,195.138888888889,26.7561000313739,25.6312230679614,13.9692121785335,2.12142631754126,2.53995321442226,2.94949846134942,0.111386605228338,0.139225631566423,0.0719705632882088,9,990,-194,29.8888888888889,991.777777777778,-205.111111111111,0.966917009359681,0.966917009359681,0.966917009359681,106,114,77,337.91871411919,409.85,757.147334917825,342776.143333333,0,586.659214357061,0,722.082764863364,0,171.816840209775,2
1826515,-145,714,-271,291,1580,0,9,990,-165,12.37,1001.71,-167.03,0,992.246384924938,0,73.4360265809637,1007.45750778879,174.153639066199,5292.76070707071,11664.3493939394,2455.01929292929,72.7513622351548,108.001617552421,49.5481512564222,5.25677640843336,14.8003257950919,3.06580061067053,0.815174973323376,2.6861562933193,0.262977536899427,9,1000,-194,9.64444444444444,989.477777777778,-167.511111111111,0.99948698095089,0.99948698095089,0.99948698095089,436,866,271,339.734164621021,407.343333333333,12461.6387501985,350230.99,0.143334540698343,6085.9019283744,0.905708095711019,13157.4138585242,0,2235.14259687882,2
1828078,-77,866,-262,213,1285,-87,29,990,-165,35.5,1000.33,-164.97,0,996.103319200007,-153.01738225962,69.5535764716668,1002.5789993811,170.696953692794,3613.58585858586,4550.04151515151,1941.76676767677,60.113108874736,67.4539955462352,44.0654827237461,2.95813581590373,6.21585952871496,2.30864040771664,0.586868810871679,1.20500168461297,-0.243872237273494,38,990,-184,33.1888888888889,996.388888888889,-164.133333333333,0.991777033412778,0.991777033412778,0.991777033412778,290,419,175,339.077068461266,405.933333333333,4584.33909011207,346379.933333333,0.0964821275621091,4241.16978955473,0.494602798660201,5363.30349938306,0,1459.99074139188,1
1829640,-155,904,-252,126,1304,-77,29,990,-165,30.28,999.95,-170.03,0,996.251305770837,-159.574645349187,63.7427642952516,1001.97766941185,174.76146600438,3178.04202020202,4100.25,1647.84757575758,56.3741254495537,64.0331945165943,40.5936888660981,3.5980111659912,8.64794264964884,2.39584855175259,-0.648255541378897,1.78293165510132,-0.0348987698503979,29,961,-155,33.0888888888889,994.833333333333,-170.311111111111,0.987137774372186,0.987137774372186,0.987137774372186,281,400,175,339.052278965904,407.233333333333,4144.85802105018,346187.986666667,0,3637.35388465777,0.700785547719148,4878.54449553136,0,1463.06586145944,1
1831203,-155,809,-291,126,1257,-77,-19,990,-174,-17.91,999.31,-180.11,0,994.048967889895,-168.601460009521,69.6040947071363,1002.0435269987,185.156771412768,4569.65848484848,5526.01404040404,1862.03828282828,67.5992491441176,74.3371645975554,43.1513416109891,1.84528578468723,4.87543408621496,2.61036772066815,0.0138397235120927,0.78007581425439,0.00184819158672692,-97,1009,-155,-18.1777777777778,995.988888888889,-180.433333333333,0.998428494711564,0.998428494711564,0.998428494711564,281,448,214,339.578487328008,413.27,6329.71652913632,347739.663333333,0.108050219102937,5244.04142910205,1.36492369465208,6587.48540801229,0,1645.18492388513,1
1832765,-126,857,-271,87,1257,-116,-29,985,-203,-24.75,993.88,-201,0,990.571418603236,-192.397859054833,60.4199470373816,995.616472342639,205.071450962829,3068.69444444444,3489.60161616162,1670,55.3957980757065,59.0728500765082,40.8656334834051,2.19296010585425,6.1917979656994,1.87579613321923,0.103597397538861,1.07448804462437,0.0229577057737387,-38,1009,-242,-25.4444444444444,991.244444444444,-201.188888888889,0.987137774372186,0.987137774372186,0.987137774372186,213,400,155,338.89563448465,414.963333333333,3921.82399451454,345652.343333333,0,3260.7451728598,0,3988.3519934468,0,1387.5606989931,1
1834328,-106,866,-271,184,1190,-135,-9,990,-194,-7.89,994.26,-196.44,0,991.256469515242,-189.700150852601,60.3893202478716,995.797509536954,199.694266317288,3620.82616161616,3090.63878787879,1302.14787878788,60.1733010696286,55.5935139011629,36.0852861813216,3.52407397915365,4.49344734615277,2.02943688690331,0.722139062365446,0.612187701021983,-0.0441511055363767,19,990,-194,-11.0111111111111,992.633333333333,-196.122222222222,0.994575075478355,0.994575075478355,0.994575075478355,290,324,136,338.641190495697,412.796666666667,3684.55505987264,345045.783333333,0.054953337255016,4124.87394723556,0,3613.23153625559,0,1087.22256950684,1
1835890,-116,838,-300,116,1295,-77,-38,990,-189,-32.36,993.94,-187.74,0,989.926444931161,-173.946610570074,65.8060787465717,996.087566431787,193.751748379208,3316.43474747475,4316.88525252525,2316.59838383838,57.5884949228121,65.7030079412294,48.1310542564609,2.42490355374381,9.7094446435203,2.05670838804731,0.486163259523753,1.47996172784066,0.135316522967647,-97,1028,-242,-35.3222222222222,991.177777777778,-188.466666666667,0.982973228491819,0.982973228491819,0.982973228491819,232,457,223,338.302050165893,412.233333333333,5067.79923479245,344686.873333333,0,3639.19084464157,0.434033860413709,4968.6410324843,0,1869.70327450771,1
1837453,-174,866,-291,165,1228,-126,-9,990,-203,-6.85,996.84,-201.54,0,992.107928795476,-193.338424492877,64.5280559136877,999.313184141989,205.487858522103,4158.53282828283,4986.72161616162,1623.1195959596,64.4866872174624,70.6167233462557,40.2879584486431,3.07346001614679,4.02263081854336,2.23528204162957,-0.0315347428668756,0.816850039572561,-0.101210121708891,-9,980,-223,-6.53333333333333,992.855555555556,-200.922222222222,0.997947193223724,0.997947193223724,0.997947193223724,339,362,165,339.963024019191,416.403333333333,5745.94676095906,348338.656666667,0.198867696976305,4705.01049147321,0.658716292777727,5868.18742136801,0,1409.43803997892,1
1839015,-116,885,-262,116,1171,-106,-9,1000,-174,-0.06,997.87,-183.02,0,995.366030416685,-172.682074658419,47.504947110801,999.131998286513,188.181295563613,2279.51151515151,2545.6697979798,1935.23191919192,47.7442301765513,50.4546310855584,43.9912709431305,2.5155510741288,3.53888232609086,1.69515239613499,0.106081971373902,0.290023972173088,-0.213329975884048,-29,1000,-145,-0.0777777777777778,997.155555555556,-182.466666666667,0.998428494711564,0.998428494711564,0.998428494711564,232,286,156,338.867775798907,406.65,3439.32078220347,345311.223333333,0,2465.08827556412,0,2897.33421907034,0,1449.81267812698,1
1840578,-155,838,-281,203,1180,-116,-29,990,-194,-24.5,996.21,-196.53,0,992.326257466673,-187.217391520414,69.7707675176359,998.158659733011,201.004751187627,4310.81818181818,3925.60191919192,1796.83747474747,65.6568212893236,62.6546240846749,42.389119768491,5.1418084473355,3.75858694364114,2.07760924046248,0.893015100440708,0.240006620922415,-0.112939213384402,-29,971,-165,-28.4111111111111,995.744444444444,-196.422222222222,0.981453895033654,0.981453895033654,0.981453895033654,358,342,165,339.563901843013,414.906666666667,5726.17896417282,347197.193333333,0.0642019742708976,5127.82139239425,0.394435561236996,4611.15010245188,0,1498.91467244402,1
1842140,-184,819,-291,155,1247,-135,-9,990,-203,-14.83,993.88,-204.16,0,989.521587428312,-197.554990751144,65.6826461099125,996.128114250371,207.438617426939,4135.63747474748,4518.95515151516,1363.10545454545,64.3089222017247,67.2231742148134,36.9202580509055,3.29945221565922,5.96271944804976,2.16790490707836,0.0711341806738563,0.764014637582464,-0.20141947059008,-87,961,-233,-15.4111111111111,991.877777777778,-203.5,0.993707106604508,0.993707106604508,0.993707106604508,339,428,156,339.180819952327,416.336666666667,4696.06827306934,346538.736666667,0.0468933207393045,4779.49063203914,0.476584471652407,5270.03744721193,0,1224.81656022463,1
1843703,-194,866,-300,77,1152,-97,-14,1000,-194,-25.24,993.59,-195.65,0,990.754958265504,-185.649052296328,69.5935341824224,995.010226078104,200.248021213694,4248.68929292929,2852.7897979798,1838.73484848485,65.1819706125037,53.4115137211051,42.8804716448507,2.730305595833,3.11347772425222,2.43686852649589,-0.596461421349141,0.157565267703188,-0.0380822270869004,0,1000,-174,-22.0777777777778,992.722222222222,-195.666666666667,0.992774453987808,0.992774453987808,0.992774453987808,271,286,203,338.689442418258,414.22,5106.69827077254,344995.96,0.419427821541768,4925.59415098685,0,3328.24618461984,0,1817.02096665283,1
1845265,-145,885,-300,145,1095,-116,-29,990,-203,-18.17,990.38,-206.13,0,988.492874198448,-196.306923277581,57.8018165804501,991.318061976074,210.780810322003,3041.31424242424,1877.73292929293,1958.55868686869,55.1481118663571,43.3328158477259,44.2556062761396,3.59777915540334,2.69382901793049,2.0209598126448,0.581613915543322,-0.0486675516672074,-0.0388071756279228,-29,980,-165,-20.3888888888889,990.633333333333,-206.122222222222,0.984426897800011,0.984426897800011,0.984426897800011,290,210,184,338.08600537981,414.386666666667,3358.19767021255,343493.7,0,3249.51805820082,0,2123.63780598927,0,1431.62739719893,1
1846828,-145,866,-300,106,1152,-116,-9,990,-213,-10.16,990.83,-208.63,0,987.710030720503,-201.331257664655,53.369654299049,992.400015114873,211.976626069951,2772.82262626263,3145.15262626263,1421.83141414142,52.6575979917678,56.0816603379628,37.7071798752096,2.42184486003089,3.32259874972371,2.51622778265075,-0.11216835232248,0.253343531328902,0.126053667613732,9,980,-233,-9.77777777777778,990.066666666667,-208.9,0.998428494711564,0.998428494711564,0.998428494711564,251,286,184,338.234739948444,414.513333333333,3171.32327496918,344213.4,0,3014.55769945575,0,3661.23288337692,0,1327.02390800431,1
1848390,-203,847,-291,116,1161,-87,-14,995,-203,-20.71,991.51,-202.17,0,986.783252177133,-189.376197217541,74.7167317272376,993.883589762906,207.77095562181,5205.74333333333,4760.11101010101,2319.25363636364,72.1508373709781,68.9935577434662,48.1586299261476,2.48256837599382,2.7785835179141,2.23534169306985,-0.434277562853849,0.198622090895058,0.121144683040442,29,1000,-252,-18.3777777777778,990.3,-202.9,0.997947193223724,0.997947193223724,0.997947193223724,319,314,204,338.606509810622,418.05,6026.09867129394,345518.65,0.121134306186383,5893.36364289437,0.786220319198707,5539.57265088534,0,2145.3422097115,1
1849953,-174,800,-291,213,1209,-97,29,1004.5,-174,20.88,999.84,-181.58,0,994.616521635545,-170.451166815366,79.2407723334396,1002.38738020787,186.975345968392,5902.14707070707,5151.95393939394,2008.56929292929,76.8254324472506,71.7771129218356,44.8170647513789,3.37039532664618,4.2234349436636,2.35585763146658,-0.283357011128935,-0.0981622682184759,-0.250807039722735,29,1009,-174,22.2333333333333,1000.38888888889,-180.777777777778,0.993707106604508,0.993707106604508,0.993707106604508,387,409,194,340.10253827814,414.906666666667,6182.06960344523,348673.113333333,0.107437957002582,6882.44154147416,2.28699830134832,6035.89567766291,0,2132.47354310305,2
1851515,-165,771,-310,194,1190,-116,9,1000,-194,5.92,992.68,-202.18,0,987.573682446225,-191.446244610273,67.7313812054649,995.119751587717,207.43707479619,4598.47838383838,4898.72484848485,2175.13898989899,67.8120814002813,69.9908911822449,46.638385369768,3.30118637617687,4.37321086024296,2.48861375156697,-0.247490634050893,-0.387626895529135,-0.296901070406846,-19,1009,-213,6.8,994.244444444444,-201.4,0.999871756640849,0.999871756640849,0.999871756640849,359,419,194,338.812236557019,415.853333333333,5996.78285880104,345960.333333333,0.0906301701046551,5433.20796402546,0.475480871836951,5754.08150426338,0,2250.41551813823,2
1853078,-155,809,-310,116,1180,-106,0,990,-213,-2.84,989.92,-212.6,0,985.369237426466,-199.502006156941,53.6482991342689,992.108784357844,218.469769075724,2899.06505050505,4382.05414141414,2555.83838383838,53.8429665834364,66.1970855960755,50.5553002546556,3.0654254892105,4.20350060861478,2.10360021495308,-0.0728832835575623,-0.355453233489575,0.0979254343908008,9,990,-242,-2.51111111111111,991.611111111111,-212.977777777778,0.99919835426364,0.99919835426364,0.99919835426364,271,371,204,338.432852010948,414.806666666667,4562.90270317249,344962.34,0,3410.31497247836,0.865961966272262,5049.72981712905,0,2690.57914571423,2
1854640,-145,885,-339,165,1190,-87,0,1000,-203,4.76,996.83,-195.25,0,994.531694825406,-180.250272469726,66.06890342665,998.003572137896,202.183802516423,4386.30545454546,2364.72838383838,2783.56313131313,66.2291888410651,48.628472974569,52.7594838044605,2.67730492383641,5.10484744197415,2.67138898306114,0.134853256417605,0.621106212671624,-0.193964708179938,-9,1000,-213,4.18888888888889,995.166666666667,-193.811111111111,0.999967939872718,0.999967939872718,0.999967939872718,310,305,252,339.786384950272,414.833333333333,4443.41235752598,347084.84,0.168835805777443,5153.35334763646,0,2687.32888428762,0,2800.65264330436,2
1856203,-213,828,-320,174,1247,-38,9,990,-213,4.1,989.27,-210.6,0,984.53772436466,-189.902733909851,77.6009020566127,991.670666098378,217.778006235708,6065.74747474747,4803.61323232323,3105.9595959596,77.8829087460623,69.3081036555123,55.7311366828239,3.43935777016315,4.07900987937856,2.74716208204205,-0.601158288677207,0.414130894356181,0.227203188622794,48,990,-223,7.04444444444444,987.288888888889,-211.522222222222,0.99948698095089,0.99948698095089,0.99948698095089,387,419,282,338.634250286771,420.336666666667,6370.78990860165,345619.956666667,0.245428873016992,7061.69440284432,1.46471733985892,5638.85355837687,0,3060.60881686713,2
1857765,-165,847,-339,126,1161,-106,9,980,-223,-4.25,987.56,-221.91,0,984.724640092159,-209.789609292832,66.2323938869795,989.021213119314,227.18681739925,4412.79545454545,2917.3802020202,2393.73929292929,66.4288751564066,54.0127781364762,48.9258550556788,2.45342137068308,4.30889420145089,2.9239141800808,-0.305736830858383,0.727488120711701,0.0560581821597183,48,942,-242,-3.08888888888889,985.411111111111,-222.255555555556,0.999871756640849,0.999871756640849,0.999871756640849,291,314,233,338.495524932107,421.54,4958.2288039877,344721.18,0.0826943936484042,5094.45846258724,0,3420.9298315482,0,2556.33586287671,2
1859328,-145,857,-339,145,1142,-116,-9,990,-213,-11.23,990.82,-218.75,0,987.449566732794,-206.825372821095,63.4703867957333,992.492105762056,224.512160027024,3941.79505050505,3349.80565656566,2579.94696969697,62.7837164438762,57.8775056180349,50.793178377583,2.70142009741384,2.99884128753416,2.59463790159914,0.117754456350682,-0.00598001361312691,-0.280540921060167,-29,1028,-233,-12.1666666666667,990.288888888889,-217.988888888889,0.99740158856774,0.99740158856774,0.99740158856774,290,285,223,339.27479856371,420.293333333333,4638.66558268373,346491.593333333,0.485027642286926,4481.62110352002,0,3908.29472990216,0,2592.33179321931,2
1860890,-145,800,-310,145,1133,-77,-9,990,-223,0.19,985.64,-214.97,0,981.638395374645,-200.621315943876,66.2939665429668,987.554039027738,220.540993921765,4439.24636363636,3814.91959595959,2450.73646464646,66.6276696548541,61.76503538378,49.5049135404402,2.38494967386107,3.53496751709691,2.62494423643916,0.137534666272825,-0.538058561596425,0.514986658142626,-29,980,-213,-0.122222222222222,987.155555555556,-216.688888888889,0.99919835426364,0.99919835426364,0.99919835426364,290,333,233,337.445362345884,418.233333333333,4805.84394379084,342765.4,0.1202507868504,4891.4666117237,1.08994736078807,4478.43051869697,0,2485.27058864941,2
1862453,-155,780,-330,184,1161,-77,-19,1000,-213,-14.58,994.82,-210.86,0,990.822790267603,-197.482650758439,67.7598701297457,996.771217481725,216.262340688341,4423.05414141414,3925.28040404041,2330.76808080808,66.5060459012122,62.6520582586111,48.2780289656494,2.64735068494425,3.90218132591731,2.72763410762387,0.092331747884111,-0.172069002099145,0.333747106326025,19,980,-213,-14.4888888888889,995.166666666667,-212.233333333333,0.998428494711564,0.998428494711564,0.998428494711564,339,381,253,340.114122384878,420.466666666667,5042.67391361734,348304.553333333,0.172364668304497,4878.80456226319,1.37026614848154,4557.99540845836,0,2483.82798044275,2
1864015,-155,790,-320,165,1123,-77,0,1000,-203,-2.25,989.45,-203.36,0,985.658390362861,-186.741949989147,68.92829607643,991.270896374952,209.983475540339,4793.98737373737,3643.11868686868,2765.42464646465,69.2386263131886,60.3582528480463,52.5873049933598,3.28978252353402,3.62910576838994,2.79898252934575,0.157848072537747,-0.482160436145122,0.221143264779149,-19,1009,-194,-2.93333333333333,991.3,-203.888888888889,0.99948698095089,0.99948698095089,0.99948698095089,320,333,243,337.988739186343,414.706666666667,5334.33931622626,343820.72,0.137821832290318,5647.90924699079,0.290212788659357,4187.08745272329,0,2694.40859485666,2
1865578,-233,800,-320,126,1209,-106,-9,990,-203,-23.06,993.92,-209.34,0,988.215775738811,-194.570490162087,74.9947998197208,996.748855028186,216.281760673433,5143.89535353535,5688.19555555556,2984.40848484849,71.7209547728929,75.4201269924385,54.6297399302659,2.97810985767784,3.83771961398329,2.34094765272003,-0.485604834353034,0.122543623281618,-0.194582627442636,0,1028,-252,-20.6555555555556,993.088888888889,-208.711111111111,0.996117268879145,0.996117268879145,0.996117268879145,359,409,214,339.955253309328,420.42,6551.83058638775,348636.766666667,0.10637399551826,5884.45222214285,0.432603658953751,6732.34519347763,0,3096.61120640907,2
1867140,-252,866,-310,184,1114,-97,-33.5,980,-194,-32.57,989.96,-201.17,0,987.867531352967,-190.194239149436,95.7213142408732,991.005368300293,206.559071454148,8183.60111111111,2091.75595959596,2219.47585858586,90.4632583489624,45.7357186408605,47.1113134882255,2.77793702026533,3.00307762691782,2.34192248263381,0.00254187624297166,0.0857871161441058,-0.295062593688683,-67,980,-203,-32.7111111111111,989.644444444444,-200.177777777778,0.990714754613131,0.990714754613131,0.990714754613131,436,248,213,338.606025502998,422.393333333333,8560.81367346681,344640.286666667,0.0971949296374585,9631.37149229039,0,2396.36548703729,0,2170.21209565712,1
1868703,-194,838,-310,145,1180,-126,-29,990,-213,-34.37,993.55,-210.76,0,989.073186194225,-201.09960326679,79.5319432680983,995.745133053634,215.195957211096,5195.99303030303,4410.87626262626,1908.60848484848,72.083236818993,66.4144281209005,43.6876239322818,2.51514758782247,2.96310952638009,2.36559873299373,0.132549113614895,-0.145651850870949,0.0731918516793152,-67,952,-242,-34.9444444444444,994.144444444444,-210.4,0.987137774372186,0.987137774372186,0.987137774372186,339,342,184,339.87642337559,423.466666666667,6469.89688892778,348047.666666667,0.0923112651037825,5876.0278119105,0.673842962453662,5207.65293937419,0,1929.01912297701,1
1870265,-155,828,-300,145,1247,-106,9,990,-203,0.83,994.75,-203.48,0,990.798654606149,-191.904695022321,72.7193921866788,996.767229597763,208.783763736551,5340.82939393939,4057.92676767677,2208.63595959596,73.0809783318436,63.7018584318917,46.9961270701742,2.30485628317113,5.55161108700598,2.17302337080213,-0.269862069765261,0.599182034718677,0.0188261104549614,29,990,-252,2.1,993.677777777778,-203.5,0.99971144175281,0.99971144175281,0.99971144175281,300,419,194,339.673994047629,419.54,5690.33424823312,347474.56,0.120417133378602,6103.16027113416,0.651745256589285,4730.89625703723,0,2222.15151063921,1
1871828,-174,761,-339,116,1200,-106,-38,1000,-223,-38.93,988.01,-217.34,0,982.993476467274,-207.577610359036,84.9666405126153,990.419784737765,221.767941776985,5761.39909090909,4815.74737373738,1963.98424242424,75.9038806050724,69.3955861257571,44.3168618296043,2.1001233426,4.13346953473834,2.85121813994959,0.0798918952986078,-0.328011587116058,0.0292513108068421,19,1009,-242,-39.5888888888889,989.155555555556,-217.077777777778,0.989587521222056,0.989587521222056,0.989587521222056,290,439,233,338.739077626499,425.26,6289.35968860953,345777.233333333,0.0584864324802253,6481.63164698705,0.607414403685677,5632.10632811832,0,1799.10510228327,1
1873390,-184,876,-300,174,1142,-145,-29,990,-223,-25.42,986.17,-221.41,0,983.95554801587,-214.45526413052,81.8321452731138,987.280026132404,224.695727596232,6111.43797979798,2212.70818181818,1480.58777777778,78.1756866282477,47.0394322012732,38.4784066429183,2.68251612893355,3.9967296010388,2.18756823815999,0.155459688637909,0.199258860861857,0.0721239788219212,-29,990,-223,-26.2888888888889,985.855555555556,-221.255555555556,0.988395230718897,0.988395230718897,0.988395230718897,358,266,155,338.260019553482,424.486666666667,6358.33853228578,343968.84,0.0412303228963128,6914.82966658762,0,2553.18631031075,0,1433.93429259624,1
1874953,-145,876,-349,97,1133,-116,-19,980,-252,-9.81,983.28,-249.17,0,981.175076084388,-240.96447554009,53.5325134847973,984.329883728011,252.777154822187,2797.46858585859,2086.62787878788,1828.89,52.891101197258,45.6796221392852,42.765523497322,2.65645292854778,3.71821719376788,2.84360886528929,-0.0931279359334029,0.0813149580045933,0.287592789204279,-19,980,-242,-8.63333333333333,983.255555555556,-249.844444444444,0.995378438820226,0.995378438820226,0.995378438820226,242,257,233,338.920170800176,425.653333333333,2953.08233915458,345222.446666667,0,2697.27833351625,0,2306.80495975353,0,1515.52226907162,1
1876515,-87,885,-359,77,1085,-184,0,990,-252,-2.32,983.79,-249.77,0,981.794904766651,-245.488369551045,38.1234835763995,984.776395939708,251.937194554516,1462.64404040404,1961.3998989899,1098.2798989899,38.2445295487347,44.2876946678183,33.1403062597481,2.38924225928332,2.58229849410239,3.62527566348023,-0.0641687068136144,-0.168979845998795,-0.428665631084492,-29,990,-262,-2.14444444444444,984.155555555556,-248.866666666667,0.998845535995202,0.998845535995202,0.998845535995202,164,200,175,338.748054008235,421.52,2172.00524377911,344903.433333333,0,1582.62507309344,0,2277.57626675623,0,872.428405246889,2
1878078,-116,866,-339,106,1104,-155,19,980,-247,12.84,979.01,-248.1,0,975.889147480779,-243.311546913241,47.8802673342579,980.56249673338,250.436818379407,2149.14585858586,3072.95949494949,1176.75757575758,46.3588811187874,55.4342808643667,34.3039002994933,2.47801769525671,2.20761263693922,2.9078407516062,-0.426606117079138,-0.00815726593622009,-0.138215663909329,19,971,-223,14.1555555555556,979.055555555556,-247.888888888889,0.994575075478355,0.994575075478355,0.994575075478355,222,238,184,337.231921312899,422.596666666667,3087.04121305067,342171.31,0,2395.53591001339,0,3571.93085826299,0,960.321092850883,2
1879640,-106,838,-359,106,1152,-184,19,990,-252,24.43,981.15,-256.91,0,977.921490576236,-252.840134947854,52.907371887101,982.763008054333,258.963839174507,2224.61121212121,3199.80555555556,1070.22414141414,47.1657843369663,56.5668238064995,32.714280389673,2.38328961162348,3.1411122102171,3.12459780169534,-0.214200898852081,0.120728468708199,-0.351619354167148,19,990,-233,25.2111111111111,980.477777777778,-256.4,0.990714754613131,0.990714754613131,0.990714754613131,212,314,175,338.72774890633,427.336666666667,3208.07553260389,345228.196666667,0,2466.90606076543,0,3713.5389824896,0,1066.7046138651,2
1881203,-97,885,-300,135,1076,-174,48,990,-228,43.31,986.76,-227.19,0,984.84592378358,-222.784353913746,69.7341379813359,987.715434728039,229.426306251049,3017.26656565657,1905.53777777778,1031.44838383838,54.9296510607574,43.6524658842748,32.1161701303002,2.46130998847267,2.40280774366561,2.39303088405903,-0.496997229703256,0.0353863005563939,-0.317252550825766,97,952,-233,45.3333333333333,986.711111111111,-226.188888888889,0.981453895033654,0.981453895033654,0.981453895033654,232,191,126,338.528970357644,424.393333333333,3028.12979933406,344360.353333333,0,3457.76214918641,0,2173.76698819105,0,924.272918785718,2
1882765,-174,885,-378,174,1133,-126,14,980,-242,17.88,981.79,-244.47,0,978.907888817762,-235.824905607932,80.7502321978086,983.253878710885,248.397765690434,6263.54101010101,2905.64232323232,1955.42333333333,79.1425360353142,53.9040102704087,44.2201688523838,2.58455744568362,2.55236883220586,3.43466046831283,-0.333604278685845,0.377818191659166,0.0077993124793534,9,933,-242,19.5444444444444,980.133333333333,-244.722222222222,0.994575075478355,0.994575075478355,0.994575075478355,348,248,252,338.706294510238,430.706666666667,6502.21297187027,345003.413333333,0.0869596400210582,7294.54733911686,0,3261.39987202788,0,1878.3785826121,2
1884328,-126,866,-359,155,1095,-116,-9,995,-213,4.71,990.03,-217.59,0,987.352426030781,-208.68372829005,65.830160261084,991.344899618695,221.865612477463,4354.97565656565,2631.62535353535,1897.92111111111,65.9922393661986,51.2993699136291,43.56513641791,2.31124711805446,2.50218269750935,3.38386302150967,0.238013106941689,-0.258350621517293,-0.298053956523881,-19,980,-184,3.63333333333333,990.988888888889,-216.911111111111,0.99971144175281,0.99971144175281,0.99971144175281,281,229,243,338.939540292544,420.75,4787.46608400037,345440.89,0.150973907387888,4402.71372350757,0,3039.62124193252,0,1918.22556376917,2
1885890,-155,857,-339,194,1114,-106,19,990,-223,15.24,985.07,-223.93,0,981.988816821834,-210.873552016735,74.6617706728149,986.607242016802,229.976324868452,5396.08323232323,3061.56070707071,2772.18696969697,73.4580372207373,55.3313718162735,52.6515618922836,2.57189715753425,2.61705133519118,2.45162721472346,-0.0878488959359787,0.0649959244381021,-0.10803362084863,-9,1000,-233,15.4222222222222,984.411111111111,-223.633333333333,0.99740158856774,0.99740158856774,0.99740158856774,349,257,233,338.137740551875,423.466666666667,6246.69092469604,343952.446666667,0.129568763042799,5422.70575577755,0,3517.24975292776,0,2490.88863720436,2
1887453,-184,876,-359,165,1142,-116,9,985,-237.5,10.35,984.67,-235.59,0,982.501154575112,-223.778177050367,77.3336278730023,985.773741788652,240.79067672981,5932.69444444444,2196.82939393939,2502.52717171717,77.0239861630417,46.8703466377132,50.0252653338008,2.65366276593395,4.29622133690739,2.87408688290076,-0.0675461143502454,0.525122995480021,0.105924021735961,-48,971,-262,11.2777777777778,983.555555555556,-235.711111111111,0.999967939872718,0.999967939872718,0.999967939872718,349,266,243,338.91622478637,427.55,6758.20907336502,345236.836666667,0.0863726987405369,6115.16983905054,0,2430.75548042993,0,2124.34910895433,2
1889015,-135,809,-359,135,1200,-165,14,980,-242,9.65,985.57,-241.74,0,981.152163778837,-236.211374698126,56.153806638553,987.769158255106,244.635851828795,3091.03787878788,4383.5203030303,1422.69939393939,55.5971031510445,66.2081588856714,37.7186875956653,2.50429962717562,3.67601970913568,3.13915879956926,-0.214261755103463,0.128723038703847,-0.596648950548652,19,961,-242,10.3,985.488888888889,-240.055555555556,0.99948698095089,0.99948698095089,0.99948698095089,270,391,194,339.05449230156,424.593333333333,5183.05817515966,346229.286666667,0,2857.98807005891,0.461260093846048,4994.74423351025,0,1248.50563566524,2
1890578,-165,819,-330,145,1161,-126,29,971,-242,21.98,978.59,-242.53,0,974.420965067814,-234.057951509964,72.3383715603275,980.711512117605,246.309662823041,4797.69656565657,4198.66858585859,1866.31222222222,69.2654067024555,64.797134086768,43.2008358972627,2.94006458235576,3.19834109603805,2.79960739858421,-0.612042061520836,0.419859487097875,0.208329455404776,19,961,-271,24.6444444444444,977.533333333333,-243.411111111111,0.994575075478355,0.994575075478355,0.994575075478355,310,342,204,337.267091954774,426.626666666667,5144.08229801104,342565.453333333,0.0958773924917179,5107.43443851899,0.383402881020356,4903.93690252967,0,1717.4363463004,2
1892140,-116,876,-349,155,1095,-97,9,990,-233,7.27,988.32,-226.47,0,985.882835011218,-215.991020513959,55.0188149636104,989.530969702313,231.254945893055,3004.2596969697,2419.31070707071,2212.31222222222,54.8111274922319,49.186489070381,47.0352232079558,3.16926082352801,2.51030351049466,3.13169231071664,0.128731705590089,-0.0392452396323663,-0.12884979028582,9,1000,-233,6.68888888888889,988.322222222222,-226.011111111111,0.999871756640849,0.999871756640849,0.999871756640849,271,219,252,338.850741754388,418.76,3552.02041104749,345225.82,0,3059.36062171948,0,2734.75285377257,0,2048.40737482722,2
1893703,-155,847,-359,135,1142,-97,29,990,-233,21.12,988.37,-235.84,0,984.552828645099,-221.861483610334,62.1593114504979,990.251043927751,241.790735968109,3452.24808080808,3759.46777777778,2870.96404040404,58.7558344405735,61.3144989197317,53.5813777389499,3.18670061044637,2.82671229598327,2.73315008883134,-0.531219944358233,-0.106628223989947,0.136728134708255,58,1009,-271,23.0555555555556,988.611111111111,-236.522222222222,0.993707106604508,0.993707106604508,0.993707106604508,290,295,262,339.813584451739,425.216666666667,5331.00292362863,347641.223333333,0,3699.27976593168,0.603715539672198,4317.8140248642,0,2887.61063625803,2
1895265,-300,666,-553,233,1514,48,-38,966,-223,-35.83,986.43,-222.64,0,974.73127885966,-215.800365980638,111.205350590698,992.882263916523,234.652423810196,11194.788989899,12900.0455555556,5548.67717171717,105.805429869638,113.578367462979,74.4894433575468,3.144500569757,9.53092115966002,6.96498848709433,-0.151775558305332,1.56434497341039,-0.466511969937689,-58,961,-262,-34.7555555555556,979.8,-220.977777777778,0.996117268879145,0.996117268879145,0.996117268879145,533,848,601,340.012241233236,432.373333333333,16563.7836327219,351081.193333333,0.110432200657044,12656.2744037062,1.38426993774784,15214.3399963122,1.46041187327359,4624.99562829574,2
1896828,-174,819,-349,174,1361,-97,-43,990,-203,-30.49,989.33,-210.14,0,982.92085069681,-192.231724924795,80.5461979239244,992.725596527056,218.591765627162,5614.19181818182,6798.24353535354,3660.14181818182,74.9279108088689,82.4514616932504,60.4991059287806,2.46616448671725,6.50215397249401,2.32748284883054,0.243110548507067,1.05885359039245,-0.24207492654348,-48,990,-145,-31.6,985.133333333333,-209.044444444444,0.988395230718897,0.988395230718897,0.988395230718897,348,542,252,338.831281861721,422.373333333333,8209.77302434891,346591.386666667,0.166327740926551,6524.34393975382,0.501497077527002,7872.14442861867,0,3290.25139584301,1
1898390,-135,819,-310,145,1266,-106,-9,995,-203,-12.77,995.04,-201.22,0,989.767916962271,-189.500378522506,65.2124988019935,997.724320641729,206.820937044585,4130.90616161616,5403.25090909091,2308.49656565657,64.2721258526289,73.5068085900273,48.0468163946017,2.78396621974496,4.678846669465,2.24720077878591,0.286632055263974,0.503563214210316,-0.165473399347784,9,1000,-213,-14.5,993.388888888889,-200.544444444444,0.99740158856774,0.99740158856774,0.99740158856774,280,447,204,339.520594834868,415.863333333333,6007.26278530434,347493.796666667,0.133922698454332,4658.83787115483,0.324830275709584,6356.50288289996,0,2056.63766393515,1
1899953,-194,780,-349,165,1190,-87,-9,1000,-223,-19.93,990.4,-216.92,0,982.284476094074,-204.719145125758,78.7598247839595,994.352281638655,221.969412307192,5864.55060606061,7923.53535353535,2238.51878787879,76.5803539170498,89.0142424196002,47.3129875180038,2.67282872398267,2.71161338846387,3.13138977771536,-0.219262642097593,-0.116420805117596,0.180252946657524,0,1009,-223,-19.3333333333333,990.755555555556,-217.677777777778,0.995378438820226,0.995378438820226,0.995378438820226,359,410,262,339.378990748133,423.11,8093.82390576956,348069.996666667,0.0884619648321557,6905.20650044476,0.276778067639986,9446.18913883465,0,1974.47880878611,1
1901515,-203,771,-339,145,1161,-97,-19,1000,-194,-10.1,989.84,-198.38,0,983.318233203323,-185.70751599364,70.3442961440371,992.908132709165,204.398581208383,4895.26262626263,6144.78222222222,2448.64202020202,69.9661534333754,78.388661311584,49.4837551141991,3.18686691472761,3.49040022118007,2.52911524923334,-0.139833311825142,-0.553096239599046,-0.219609571411347,-29,990,-184,-9.15555555555556,992.244444444444,-197.611111111111,0.996791631981637,0.996791631981637,0.996791631981637,348,390,242,337.759564396422,414.753333333333,6408.14570330097,344197.886666667,0.211243853267812,5589.09487140223,0.407695219585038,7102.98467891608,0,2279.92341154003,1
1903078,-194,752,-300,135,1257,-97,-24,995,-213,-22.79,992.05,-205.17,0,983.590398547084,-192.649008407535,69.6944043664913,996.142454672021,210.392846836579,4381.74333333333,8218.77525252526,2192.34454545455,66.1947379580381,90.6574610968411,46.8224790613926,3.10057424671193,3.78547072734254,2.69399979524485,-0.317474929019576,-0.0808103433672618,0.300894430977379,-38,961,-233,-21.3222222222222,992.611111111111,-205.6,0.990714754613131,0.990714754613131,0.990714754613131,329,505,203,338.798944821488,417.283333333333,9316.87145334702,347140.75,0.162687425528266,5041.7791826915,0.382458458732037,9771.59545502958,0,2290.58542311466,1
1904640,-203,771,-349,155,1190,-97,-9,1000,-218,-2.05,992.32,-218.82,0,984.979844796605,-205.11546393561,81.6685373935398,995.820405494886,224.85568705283,6732.87626262626,7029.59353535353,2704.93696969697,82.0541057024343,83.8426713276332,52.0090085436837,2.43995353631971,3.76969425626824,2.43930374111008,-0.0117624190336758,-0.30210791902288,0.0949994216573956,-19,990,-262,-1.31111111111111,993.422222222222,-218.8,0.998845535995202,0.998845535995202,0.998845535995202,358,419,252,340.272590327357,425.563333333333,7896.12832706905,349629.37,0.129036277980091,7923.87582937903,0.371428679291531,8288.44914435998,0,2339.42048130333,1
1906203,-135,780,-359,184,1180,-87,0,990,-203,1.92,991.43,-211.27,0,985.516470538286,-198.40997444332,67.4855540097286,994.273327611678,217.450201195584,4596.5793939394,5703.03545454545,2676.3405050505,67.798078099157,75.518444465875,51.7333596922769,2.69512591896899,3.15277980713537,2.65284328673238,0.0888074483664249,-0.328196032198279,-0.315772320708637,29,961,-184,0.955555555555556,993.3,-210.211111111111,0.999967939872718,0.999967939872718,0.999967939872718,319,400,272,339.132257943733,419.186666666667,6275.55631864662,346806.113333333,0.0591114369810944,5442.40425466436,0.321756005101245,6701.61160816949,0,2882.362648405,1
1907765,-252,733,-320,213,1180,-67,-9,1000,-223,-18.58,984.66,-216.36,0,978.424299428403,-200.703606300555,89.8689045220871,987.540986491194,222.226731065369,7809.29656565657,5739.27717171717,2599.06101010101,88.37022442914,75.758017210835,50.9809867509546,3.32702563304296,4.46759684692199,3.12052618098492,-0.286995329573708,-0.7399240231409,0.33838735929868,-97,1000,-262,-16.9777777777778,987.777777777778,-217.833333333333,0.998428494711564,0.998428494711564,0.998428494711564,465,447,253,337.816238794579,423.733333333333,8188.35403495433,344232.78,0.0579401430912996,9283.97129122138,0.675354842481958,6732.8957275859,0,2859.88196093391,2
1909328,-213,733,-330,233,1190,-116,38,1009,-223,12.91,995.87,-221.97,0,988.001621849852,-211.771378415889,101.574258550087,999.361281019032,226.686016330959,10253.1938383838,7036.27585858586,2137.24151515152,101.258055671556,83.8825122333962,46.2303094857856,2.2591043243256,4.86064068822165,2.43651780698504,-0.307770289680465,-1.08908646551377,0.00488417304653074,38,1019,-233,14.8666666666667,1001.4,-221.788888888889,0.998428494711564,0.998428494711564,0.998428494711564,446,457,214,342.139284653878,434.89,10887.0178488653,353475.616666667,0.131097977155318,11976.2570032124,0.441799655076237,8203.34376196358,0,2168.69201050694,2
1910890,-155,790,-349,194,1247,-135,19,971,-233,27.99,976.43,-238.91,0,969.266673256116,-233.588168337661,76.3204428708325,980.050136472619,241.625060786335,5092.29282828283,7154.26777777777,1317.86050505051,71.3603028881102,84.582904760819,36.3023484784457,2.82351836606405,4.05833334972957,3.77222737649992,0.178972706776858,0.384751530579743,-0.579364737055454,19,942,-223,27.3222222222222,973.855555555556,-237.688888888889,0.993707106604508,0.993707106604508,0.993707106604508,349,457,214,336.230623629015,424.883333333333,8215.43558912783,341568.583333333,0.20131244849064,5951.82958448653,0.86641263813119,8456.75798279912,0,1244.79262538194,2
1912453,-106,838,-320,213,1209,-135,38,971,-242,50.85,981.35,-240.06,0,976.685794581444,-231.98165376788,87.2270026998521,983.73983857522,243.525275895542,5073.56313131313,4743.68434343434,1692.68323232323,71.22894868881,68.87440993166,41.1422317372701,2.22197888098524,3.3747139498066,2.81910618615162,0.159733314247814,0.512261100572592,0.4923125627952,87,1019,-262,50.1111111111111,979.122222222222,-241.455555555556,0.984426897800011,0.984426897800011,0.984426897800011,319,371,185,338.313227324743,430.14,6454.09122582503,344885.726666667,0.243668011810969,5902.11167001725,0.637834876975219,5532.38397404737,0,1795.61287289651,2
1914015,-310,695,-495,291,1438,-48,9,956.5,-233,10.37,981.69,-241.45,0,966.553772280814,-196.019236934122,119.69181258549,989.61294959191,257.615430438474,14362.2152525253,15776.2968686869,8149.09848484849,119.842460140491,125.603729517427,90.2723572576261,2.81322912891854,3.89286470850763,3.71070959592002,-0.155739047437267,0.690432351015595,-0.434835495993846,97,914,-213,11.5222222222222,977.8,-238.977777777778,0.99971144175281,0.99971144175281,0.99971144175281,601,743,447,340.528265538179,439.11,16584.6043870392,353341.876666667,0.16278177129342,14682.1100251377,0.858284373747911,18634.9196314652,0.563826544514976,8365.44393252203,2
1915578,-194,780,-330,174,1333,-87,48,971,-203,33.41,970.11,-203.67,0,964.150098945942,-193.150759320499,97.6370319090047,973.219178808145,208.479471411456,8501.7796969697,6103.1897979798,2002.24353535353,92.20509582973,78.1229146792399,44.7464360072792,1.90131809161487,7.53781859695029,2.99916391677639,-0.223826502372253,0.960497911405557,-0.144187097885415,87,961,-194,35.5888888888889,967.788888888889,-203.388888888889,0.996791631981637,0.996791631981637,0.996791631981637,368,553,243,332.427406467377,419.603333333333,8505.77435209747,333384.083333333,0.167037075083536,9094.30922616088,0.854128329197418,6914.62713128523,0,2027.278107722,2
1917140,-407,904,-291,-58,1276,-67,-291,961,-160,-293.71,978.93,-167.01,-266.289662269776,974.673362916267,-154.226266873472,301.467460930695,981.40845217473,173.238246354551,4663.70292929293,4907.68191919191,2140.55545454546,68.2913093247811,70.054849362424,46.2661372338934,3.98427768861847,9.91594341419788,3.85021282550952,0.644402029294504,2.50351127237806,-0.704837541395197,-242,980,-155,-297.044444444444,968.7,-165.233333333333,0.91829583405449,0.91829583405449,0.91829583405449,349,372,224,346.348334203964,479.883333333333,6835.87560980341,361352.223333333,0.288335862337382,4132.30233358677,0.110070831816985,4843.33876847288,0,2457.53046745253,1
